date,open,high,low,close,volume
2003-01-23,8.05,8.25,7.55,7.6,129500
2003-01-24,7.75,7.85,7.35,7.6,73100
2003-01-27,7.85,7.95,7.55,7.65,35600
2003-01-28,7.6,7.75,7.4,7.7,15000
2003-01-29,7.75,7.75,6.95,7.3,44600
2003-01-30,7.0,7.5,7.0,7.35,18100
2003-01-31,7.8,7.8,7.3,7.5,11300
2003-02-03,7.4,7.65,7.35,7.6,16500
2003-02-04,7.7,8.15,7.7,8.0,35000
2003-02-05,8.0,8.25,7.6,7.6,28500
2003-02-06,7.7,7.75,7.35,7.5,40800
2003-02-07,7.55,7.65,7.4,7.45,8100
2003-02-10,7.5,7.55,6.5,6.9,56100
2003-02-11,6.85,7.0,6.55,6.85,26000
2003-02-12,6.8,7.0,6.55,6.6,30300
2003-02-13,6.75,7.1,6.75,7.0,54900
2003-02-14,7.0,7.05,6.85,6.9,61100
2003-02-18,6.8,7.0,6.7,6.95,38600
2003-02-19,7.0,7.3,6.95,7.1,42300
2003-02-20,7.25,7.3,7.1,7.15,20300
2003-02-21,7.15,7.25,6.95,7.1,11400
2003-02-24,7.1,7.35,7.1,7.35,8200
2003-02-25,7.15,7.25,6.8,7.1,20500
2003-02-26,7.05,7.35,6.85,7.05,13300
2003-02-27,7.0,7.2,6.9,7.0,37200
2003-02-28,7.0,7.2,6.85,7.0,51200
2003-03-03,7.05,7.15,6.9,7.0,52900
2003-03-04,7.0,7.25,6.9,7.0,42100
2003-03-05,7.15,7.15,6.95,7.0,8700
2003-03-06,7.0,7.05,6.8,6.9,21000
2003-03-07,6.9,6.9,6.3,6.55,71200
2003-03-10,6.5,6.55,6.1,6.25,34000
2003-03-11,6.1,6.1,5.85,6.0,47300
2003-03-12,5.9,6.2,5.9,6.2,18600
2003-03-13,5.95,6.45,5.9,6.05,21200
2003-03-14,6.3,6.4,6.2,6.35,29600
2003-03-17,6.7,6.7,6.35,6.55,19800
2003-03-18,6.5,6.75,6.5,6.75,8800
2003-03-19,6.9,6.9,6.4,6.4,21400
2003-03-20,6.4,6.8,6.4,6.8,19700
2003-03-21,6.7,6.7,6.3,6.3,41600
2003-03-24,6.5,6.5,6.4,6.5,36300
2003-03-25,6.4,6.55,6.35,6.45,2600
2003-03-26,6.5,6.5,6.45,6.45,5500
2003-03-27,6.45,6.5,6.25,6.35,7200
2003-03-28,6.35,6.45,6.2,6.45,16100
2003-03-31,6.65,6.75,6.5,6.55,20700
2003-04-01,6.3,6.6,6.3,6.35,7900
2003-04-02,6.3,6.75,6.3,6.45,12500
2003-04-03,6.4,6.4,6.2,6.2,9100
2003-04-04,6.25,6.4,6.25,6.3,6000
2003-04-07,6.0,6.05,5.75,6.0,15500
2003-04-08,5.95,6.15,5.95,6.15,10600
2003-04-09,6.35,6.45,6.0,6.45,11800
2003-04-10,6.5,6.5,6.25,6.35,9100
2003-04-11,6.25,6.5,6.25,6.5,12300
2003-04-14,6.45,6.45,6.15,6.15,26700
2003-04-15,6.3,6.35,6.15,6.3,9000
2003-04-16,6.25,6.25,5.85,6.15,44300
2003-04-17,6.25,6.45,6.25,6.45,15400
2003-04-21,6.55,6.8,6.55,6.8,19600
2003-04-22,6.9,6.9,6.8,6.9,14800
2003-04-23,6.9,6.9,6.7,6.7,17700
2003-04-24,6.7,6.75,6.65,6.75,8200
2003-04-25,6.8,6.8,6.6,6.65,3500
2003-04-28,6.6,6.6,6.35,6.6,10300
2003-04-29,6.55,6.75,6.4,6.4,10700
2003-04-30,6.75,7.25,6.75,7.25,23300
2003-05-01,7.35,7.35,7.0,7.15,69600
2003-05-02,7.1,7.35,7.1,7.3,9100
2003-05-05,7.35,7.45,7.3,7.45,21700
2003-05-06,7.5,7.95,7.3,7.95,40400
2003-05-07,8.05,8.05,7.65,7.85,39100
2003-05-08,8.0,8.15,7.85,8.0,48000
2003-05-09,8.0,8.5,8.0,8.4,48200
2003-05-12,8.65,8.7,8.3,8.5,74500
2003-05-13,8.4,8.4,8.1,8.15,30800
2003-05-14,8.15,8.45,8.1,8.2,24300
2003-05-15,8.2,8.35,7.9,8.1,19500
2003-05-16,8.05,8.25,8.0,8.1,23700
2003-05-19,8.25,8.35,7.95,8.2,70000
2003-05-20,8.1,8.3,7.4,7.75,77400
2003-05-21,7.5,7.95,7.5,7.95,74100
2003-05-22,7.8,8.2,7.8,8.2,40900
2003-05-23,8.3,8.5,8.2,8.25,17900
2003-05-27,8.5,8.5,7.95,8.0,33000
2003-05-28,7.6,7.75,7.5,7.75,20000
2003-05-29,7.55,8.0,7.45,7.8,22500
2003-05-30,7.7,8.0,7.55,8.0,7800
2003-06-02,7.95,8.0,7.65,7.75,38100
2003-06-03,7.95,7.95,7.45,7.75,110700
2003-06-04,7.75,7.8,7.65,7.75,51900
2003-06-05,7.85,8.25,7.85,8.2,25000
2003-06-06,8.1,8.1,7.9,8.1,17900
2003-06-09,8.1,8.25,7.75,8.25,26700
2003-06-10,8.05,8.05,7.75,7.95,15400
2003-06-11,7.95,8.15,7.95,8.15,7100
2003-06-12,8.2,8.2,8.1,8.2,14300
2003-06-13,8.2,8.65,8.1,8.65,56900
2003-06-16,8.7,8.7,8.25,8.3,26500
2003-06-17,8.4,8.8,8.35,8.8,128100
2003-06-18,8.6,8.65,8.45,8.65,63200
2003-06-19,8.6,8.95,8.45,8.5,51600
2003-06-20,8.5,8.8,8.45,8.75,47300
2003-06-23,8.75,8.75,8.45,8.55,16200
2003-06-24,8.4,8.4,8.05,8.25,24000
2003-06-25,8.4,8.8,8.3,8.45,33700
2003-06-26,8.35,8.45,8.15,8.3,20800
2003-06-27,8.6,8.6,8.25,8.3,20300
2003-06-30,8.45,8.85,8.45,8.7,24000
2003-07-01,8.95,9.4,8.8,9.3,111600
2003-07-02,9.55,9.65,9.05,9.25,69800
2003-07-03,9.4,9.65,9.35,9.4,20100
2003-07-07,9.4,10.2,9.25,10.2,63600
2003-07-08,10.0,10.15,9.55,9.8,38800
2003-07-09,9.8,9.95,9.5,9.65,24100
2003-07-10,9.45,9.6,9.0,9.45,20700
2003-07-11,9.45,9.45,9.2,9.25,19300
2003-07-14,9.6,9.9,9.4,9.75,45300
2003-07-15,9.9,9.9,9.15,9.3,37900
2003-07-16,9.45,9.45,9.0,9.2,18400
2003-07-17,9.0,9.25,9.0,9.25,14700
2003-07-18,9.35,9.35,9.05,9.2,10900
2003-07-21,9.3,9.6,9.25,9.6,31600
2003-07-22,9.6,9.9,9.5,9.75,17700
2003-07-23,10.05,10.5,10.05,10.35,97400
2003-07-24,10.55,10.55,10.0,10.2,97100
2003-07-25,10.7,10.7,10.1,10.4,140500
2003-07-28,10.5,10.75,10.15,10.2,132100
2003-07-29,10.0,10.4,9.8,10.2,52300
2003-07-30,10.05,10.65,10.05,10.65,78100
2003-07-31,10.5,10.7,10.3,10.4,51000
2003-08-01,10.35,10.9,10.2,10.4,58400
2003-08-04,10.4,10.75,10.4,10.5,20200
2003-08-05,10.6,10.9,10.4,10.8,54300
2003-08-06,10.8,11.55,10.8,11.25,148600
2003-08-07,11.0,11.0,10.25,10.65,125200
2003-08-08,10.75,10.95,10.65,10.8,73700
2003-08-11,11.25,11.25,10.8,11.2,110900
2003-08-12,11.15,11.15,10.9,10.95,55300
2003-08-13,10.85,11.3,10.6,11.25,64800
2003-08-14,11.6,11.6,11.1,11.3,69600
2003-08-15,11.35,11.4,11.35,11.4,10400
2003-08-18,11.2,11.45,11.0,11.35,71300
2003-08-19,11.2,11.65,10.8,11.6,78800
2003-08-20,11.7,11.9,11.45,11.7,98700
2003-08-21,11.7,11.95,11.1,11.5,110600
2003-08-22,11.5,11.7,11.15,11.4,84100
2003-08-25,11.45,11.6,11.15,11.35,43900
2003-08-26,11.3,11.55,10.9,11.4,110300
2003-08-27,11.6,12.0,11.6,12.0,95100
2003-08-28,12.0,12.5,11.85,12.35,155800
2003-08-29,12.8,13.3,12.65,13.1,137700
2003-09-02,13.0,13.2,12.75,12.95,120100
2003-09-03,12.75,12.85,12.1,12.8,111100
2003-09-04,12.5,13.15,12.4,13.1,90300
2003-09-05,13.35,13.35,13.0,13.05,91200
2003-09-08,13.2,13.2,12.65,12.75,82500
2003-09-09,13.2,13.45,12.5,12.65,113500
2003-09-10,12.65,12.75,12.05,12.4,79100
2003-09-11,12.15,12.5,11.8,11.9,121100
2003-09-12,11.85,12.25,11.75,11.95,89100
2003-09-15,11.7,12.45,11.65,12.45,85400
2003-09-16,12.5,13.0,12.3,12.9,112300
2003-09-17,12.85,13.35,12.6,13.25,93900
2003-09-18,13.25,13.7,13.0,13.2,96000
2003-09-19,13.45,13.85,13.45,13.7,123100
2003-09-22,14.1,14.2,13.5,13.7,106300
2003-09-23,13.75,13.75,13.2,13.35,70700
2003-09-24,13.45,13.5,13.15,13.4,79600
2003-09-25,13.9,13.9,12.75,12.9,113000
2003-09-26,12.4,12.8,11.85,12.8,132400
2003-09-29,12.9,13.3,12.45,13.0,58100
2003-09-30,13.1,13.6,13.0,13.0,51200
2003-10-01,12.7,13.0,12.45,12.65,61900
2003-10-02,12.45,13.15,11.8,13.05,103700
2003-10-03,12.75,13.15,12.2,12.65,130600
2003-10-06,12.55,13.05,12.55,12.8,55000
2003-10-07,12.95,13.5,12.95,13.3,59400
2003-10-08,13.05,13.45,13.05,13.3,48500
2003-10-09,13.15,13.3,12.6,13.15,82500
2003-10-10,13.25,13.75,13.25,13.7,65700
2003-10-13,13.75,14.3,13.5,14.3,88100
2003-10-14,14.3,14.3,13.8,14.1,92100
2003-10-15,14.1,14.15,13.85,14.0,130700
2003-10-16,14.0,14.4,14.0,14.2,137000
2003-10-17,14.2,14.5,13.85,14.5,89500
2003-10-20,14.7,14.95,14.5,14.8,87000
2003-10-21,15.3,15.5,14.85,14.95,401600
2003-10-22,15.35,15.7,15.05,15.6,213300
2003-10-23,15.5,15.9,15.05,15.75,96400
2003-10-24,16.25,16.85,16.05,16.4,188600
2003-10-27,16.8,17.2,16.25,16.9,138000
2003-10-28,16.85,16.95,16.35,16.8,123600
2003-10-29,17.1,18.2,17.0,18.2,164700
2003-10-30,18.2,18.4,17.25,17.35,211800
2003-10-31,17.25,17.25,15.65,16.85,244200
2003-11-03,16.65,16.65,15.85,16.1,143100
2003-11-04,16.15,16.8,16.1,16.4,91600
2003-11-05,16.5,16.55,16.0,16.0,86700
2003-11-06,15.9,15.9,15.0,15.05,183700
2003-11-07,15.0,15.95,14.3,15.9,177000
2003-11-10,16.3,16.7,15.75,15.85,142400
2003-11-11,16.0,16.4,15.75,15.8,51300
2003-11-12,16.3,17.5,16.15,17.2,173700
2003-11-13,17.7,17.75,17.0,17.0,138200
2003-11-14,17.35,17.7,17.25,17.7,202600
2003-11-17,18.2,18.25,17.3,18.25,228800
2003-11-18,18.5,19.3,18.45,18.8,228600
2003-11-19,18.85,18.85,18.05,18.6,171000
2003-11-20,18.85,18.9,17.25,18.1,228000
2003-11-21,18.25,18.35,17.65,17.8,105500
2003-11-24,17.7,17.7,16.6,16.7,167600
2003-11-25,16.9,17.5,16.7,17.35,150000
2003-11-26,17.7,18.3,17.7,18.05,143100
2003-11-28,18.35,18.6,18.2,18.35,73300
2003-12-01,18.65,18.7,17.6,18.0,236000
2003-12-02,18.0,18.4,16.85,17.9,168800
2003-12-03,17.7,17.9,17.4,17.4,230900
2003-12-04,17.0,17.35,16.3,16.75,163500
2003-12-05,16.75,17.5,16.4,17.45,129400
2003-12-08,17.9,18.0,17.0,17.5,139000
2003-12-09,19.5,19.5,16.25,16.35,115900
2003-12-10,16.3,16.6,15.3,15.4,205600
2003-12-11,14.95,15.75,14.55,15.55,230600
2003-12-12,15.85,16.1,15.25,15.5,113100
2003-12-15,15.0,16.1,15.0,15.6,152900
2003-12-16,15.8,15.8,15.0,15.15,92800
2003-12-17,15.2,15.85,15.1,15.75,102900
2003-12-18,15.5,16.0,15.3,16.0,85900
2003-12-19,15.95,15.95,15.15,15.15,79900
2003-12-22,15.2,15.45,15.0,15.05,99500
2003-12-23,15.0,15.35,14.6,14.7,101000
2003-12-24,14.75,15.45,14.75,15.4,41400
2003-12-26,15.45,16.3,15.4,16.15,58000
2003-12-29,16.25,16.3,15.75,16.15,119300
2003-12-30,16.3,16.45,16.1,16.2,76100
2003-12-31,16.45,16.45,15.7,16.05,70200
2004-01-02,15.9,16.2,15.65,15.85,41000
2004-01-05,17.2,17.3,16.8,17.0,103700
2004-01-06,17.25,17.25,16.45,16.5,82600
2004-01-07,16.65,16.65,16.05,16.3,83000
2004-01-08,16.25,16.4,15.9,16.35,72900
2004-01-09,16.1,16.85,16.05,16.25,57500
2004-01-12,16.4,16.4,15.65,15.8,87000
2004-01-13,15.6,16.25,15.3,15.65,87100
2004-01-14,15.0,15.05,14.25,14.4,247500
2004-01-15,13.95,14.15,13.0,14.1,179600
2004-01-16,14.0,15.05,14.0,14.9,85700
2004-01-20,15.35,16.0,15.15,15.95,112700
2004-01-21,15.75,15.75,14.75,15.0,103200
2004-01-22,15.05,15.05,14.15,14.15,105700
2004-01-23,14.0,14.35,13.65,13.85,82100
2004-01-26,14.0,14.25,13.25,13.35,78600
2004-01-27,13.45,14.25,13.2,14.15,105700
2004-01-28,14.15,14.9,14.0,14.65,150000
2004-01-29,14.5,14.5,13.6,13.95,93100
2004-01-30,14.05,14.05,13.55,14.05,60000
2004-02-02,13.75,13.75,13.25,13.75,68000
2004-02-03,13.85,14.75,13.85,14.7,114300
2004-02-04,14.6,14.8,14.2,14.5,51900
2004-02-05,14.15,14.8,14.15,14.7,35300
2004-02-06,15.0,15.5,15.0,15.45,80700
2004-02-09,15.6,15.85,15.25,15.6,45600
2004-02-10,15.7,15.75,15.4,15.4,71500
2004-02-11,15.35,16.0,15.05,15.9,87100
2004-02-12,16.0,16.75,15.75,16.4,207400
2004-02-13,16.6,16.8,16.0,16.55,121700
2004-02-17,16.7,16.7,16.35,16.5,102200
2004-02-18,16.25,16.7,16.0,16.25,158000
2004-02-19,16.0,16.05,15.5,15.8,56100
2004-02-20,15.65,15.65,14.85,15.4,66000
2004-02-23,15.55,15.55,14.7,14.75,46000
2004-02-24,15.05,15.35,15.0,15.25,34900
2004-02-25,15.0,15.15,14.25,14.6,57200
2004-02-26,14.25,14.7,14.05,14.35,37700
2004-02-27,14.4,14.65,14.35,14.45,47900
2004-03-01,15.25,15.25,14.4,14.85,46500
2004-03-02,14.85,14.85,14.3,14.75,37300
2004-03-03,14.8,14.8,14.15,14.4,33200
2004-03-04,14.4,15.35,14.3,15.1,64600
2004-03-05,15.6,15.8,15.4,15.75,41200
2004-03-08,15.75,16.15,15.55,16.0,58500
2004-03-09,16.0,16.0,14.7,15.6,103800
2004-03-10,15.45,15.45,14.4,14.4,92600
2004-03-11,14.5,14.95,14.3,14.8,46500
2004-03-12,14.5,14.5,14.0,14.4,63700
2004-03-15,14.75,14.75,14.25,14.4,40100
2004-03-16,14.6,14.8,14.25,14.4,32100
2004-03-17,14.45,14.45,14.0,14.3,56100
2004-03-18,14.75,15.1,14.55,15.0,83800
2004-03-19,15.5,15.5,14.6,14.75,56400
2004-03-22,15.25,15.25,14.4,14.4,76400
2004-03-23,14.45,14.75,14.3,14.6,32600
2004-03-24,14.4,14.65,14.2,14.4,33200
2004-03-25,14.35,14.65,14.15,14.2,28900
2004-03-26,14.6,14.6,13.45,13.55,139900
2004-03-29,14.25,14.25,13.35,13.85,173100
2004-03-30,13.85,14.05,13.6,13.65,94500
2004-03-31,13.85,14.45,13.85,14.4,178300
2004-04-01,14.7,15.5,14.7,15.05,180300
2004-04-02,14.75,14.85,14.5,14.8,59600
2004-04-05,14.5,14.65,14.2,14.2,44500
2004-04-06,14.35,14.6,14.25,14.35,30800
2004-04-07,14.25,14.35,13.75,14.1,79500
2004-04-08,14.1,14.1,13.85,14.0,67600
2004-04-12,14.0,14.05,13.8,13.95,39100
2004-04-13,13.5,13.7,13.15,13.65,117800
2004-04-14,13.15,13.55,12.8,13.0,86200
2004-04-15,12.95,13.85,12.95,13.65,57400
2004-04-16,13.65,14.3,13.65,14.2,105600
2004-04-19,14.35,14.55,14.15,14.4,56400
2004-04-20,14.35,14.35,13.25,13.25,70800
2004-04-21,13.0,13.35,12.8,13.1,122700
2004-04-22,13.15,13.65,13.15,13.4,39600
2004-04-23,13.35,13.4,12.9,13.0,29400
2004-04-26,13.05,13.25,12.9,13.0,34500
2004-04-27,12.9,13.15,12.7,12.8,116500
2004-04-28,12.25,12.5,11.85,11.85,154700
2004-04-29,11.7,13.0,11.7,12.65,191900
2004-04-30,12.8,13.1,12.5,12.5,44000
2004-05-03,12.25,12.65,11.1,11.6,119400
2004-05-04,12.1,12.35,11.65,11.75,96000
2004-05-05,11.9,11.9,11.25,11.6,51500
2004-05-06,11.2,11.6,10.6,11.2,95900
2004-05-07,10.75,11.05,10.6,10.6,112200
2004-05-10,9.95,10.65,9.75,10.45,105100
2004-05-11,10.3,10.8,9.8,10.65,62900
2004-05-12,11.25,11.3,10.7,10.85,48900
2004-05-13,10.65,11.1,10.45,11.0,53600
2004-05-14,10.65,11.2,10.35,11.1,57200
2004-05-17,11.15,11.5,10.55,10.85,38700
2004-05-18,10.7,10.7,10.3,10.3,27300
2004-05-19,10.85,11.35,10.75,11.15,76700
2004-05-20,10.75,11.25,10.0,10.95,102300
2004-05-21,11.2,11.3,10.95,11.15,54500
2004-05-24,10.75,11.55,10.75,11.5,16800
2004-05-25,11.6,11.9,11.25,11.75,76900
2004-05-26,12.15,12.35,11.75,12.15,56900
2004-05-27,12.75,12.9,12.55,12.9,49000
2004-05-28,12.75,12.8,12.3,12.65,24700
2004-06-01,12.75,12.9,12.25,12.65,39400
2004-06-02,12.8,12.8,12.05,12.2,26000
2004-06-03,12.25,12.45,11.9,11.95,29500
2004-06-04,11.9,12.65,11.9,12.65,20500
2004-06-07,12.7,13.4,12.7,13.35,48900
2004-06-08,13.4,13.4,12.95,13.1,24500
2004-06-09,12.75,12.75,12.0,12.35,64500
2004-06-10,12.5,12.5,12.0,12.05,18400
2004-06-14,12.0,12.0,11.35,11.65,28800
2004-06-15,11.7,12.0,11.7,11.9,38400
2004-06-16,11.75,11.8,11.35,11.8,21700
2004-06-17,12.0,12.5,12.0,12.4,62600
2004-06-18,12.9,14.0,12.75,13.7,211900
2004-06-21,13.55,13.6,12.8,12.95,80700
2004-06-22,13.25,13.25,12.65,12.85,57700
2004-06-23,12.85,12.95,12.25,12.7,86100
2004-06-24,13.15,13.6,13.15,13.5,67200
2004-06-25,13.5,13.9,13.25,13.7,53800
2004-06-28,13.9,14.0,13.25,13.5,43500
2004-06-29,13.25,13.4,12.75,13.2,25900
2004-06-30,13.3,13.5,12.8,12.95,29400
2004-07-01,13.2,13.45,12.75,13.0,29400
2004-07-02,13.35,13.35,12.85,13.0,23000
2004-07-06,13.15,13.35,12.5,13.25,35500
2004-07-07,13.55,13.75,13.2,13.35,54200
2004-07-08,13.45,13.85,13.35,13.8,118500
2004-07-09,13.95,13.95,13.15,13.75,42600
2004-07-12,13.8,13.8,13.4,13.55,22300
2004-07-13,13.05,13.2,12.9,13.1,66700
2004-07-14,13.45,13.75,13.15,13.75,56700
2004-07-15,13.65,14.95,13.35,13.85,123600
2004-07-16,13.9,14.05,13.2,13.5,58500
2004-07-19,13.75,13.75,12.9,13.15,33700
2004-07-20,13.0,13.2,12.8,13.15,45500
2004-07-21,12.9,12.9,12.6,12.85,23500
2004-07-22,12.75,12.8,12.6,12.65,16600
2004-07-23,12.45,12.5,12.1,12.15,49400
2004-07-26,12.0,12.4,10.85,10.95,86300
2004-07-27,11.0,11.4,10.5,11.35,108000
2004-07-28,11.35,11.75,11.2,11.4,73200
2004-07-29,11.25,12.5,11.25,12.45,69500
2004-07-30,12.7,13.25,12.1,12.7,52900
2004-08-02,13.0,13.05,12.35,13.0,20000
2004-08-03,12.5,12.95,12.4,12.65,34100
2004-08-04,12.15,12.45,12.05,12.05,31700
2004-08-05,11.9,11.95,11.55,11.6,20000
2004-08-06,12.0,12.15,11.85,11.95,27300
2004-08-09,12.0,12.35,11.95,11.95,8500
2004-08-10,12.05,12.35,11.55,11.6,47500
2004-08-11,11.35,11.85,11.25,11.55,23800
2004-08-12,11.55,11.7,11.35,11.4,19400
2004-08-13,11.5,12.4,11.5,12.4,24100
2004-08-16,12.4,12.65,12.35,12.45,24900
2004-08-17,12.35,12.55,11.75,12.1,37400
2004-08-18,11.85,12.15,11.75,11.85,32700
2004-08-19,12.05,12.9,12.05,12.4,89400
2004-08-20,12.95,13.25,12.8,12.9,72800
2004-08-23,12.85,13.2,12.55,13.0,37300
2004-08-24,12.95,12.95,12.3,12.45,36300
2004-08-25,12.7,12.9,12.45,12.6,30000
2004-08-26,12.65,12.65,12.15,12.6,42400
2004-08-27,12.6,12.6,12.2,12.55,18200
2004-08-30,12.35,13.0,12.35,12.55,38200
2004-08-31,12.55,13.45,12.3,13.45,41200
2004-09-01,13.4,13.8,13.0,13.65,36700
2004-09-02,13.5,13.65,13.35,13.5,22700
2004-09-03,13.25,13.35,12.9,12.9,32000
2004-09-07,12.95,13.05,12.5,12.55,36300
2004-09-08,12.55,12.75,12.4,12.55,57100
2004-09-09,12.6,13.6,12.45,13.4,26900
2004-09-10,13.65,14.1,13.5,14.1,42500
2004-09-13,13.7,14.45,13.45,14.4,88500
2004-09-14,14.5,15.45,14.35,15.4,121700
2004-09-15,15.2,15.2,14.6,14.6,75700
2004-09-16,14.6,14.65,14.25,14.35,46600
2004-09-17,14.45,14.7,14.05,14.2,79700
2004-09-20,13.8,14.5,13.8,14.2,43200
2004-09-21,14.45,15.3,14.45,15.25,69300
2004-09-22,15.15,15.15,14.75,14.85,51900
2004-09-23,15.2,15.4,14.75,15.35,162200
2004-09-24,15.15,15.3,14.9,15.05,33000
2004-09-27,15.15,15.75,15.15,15.7,69600
2004-09-28,15.75,16.25,15.45,16.25,142300
2004-09-29,16.35,16.65,15.4,15.75,84000
2004-09-30,15.9,16.5,15.9,16.3,71600
2004-10-01,16.2,16.2,15.75,16.05,33900
2004-10-04,15.55,15.7,15.3,15.55,80700
2004-10-05,15.75,15.85,15.4,15.4,86800
2004-10-06,15.4,15.65,15.1,15.15,75800
2004-10-07,15.3,15.5,15.25,15.25,66600
2004-10-08,15.75,15.9,15.2,15.3,136600
2004-10-11,15.45,15.6,15.05,15.2,42100
2004-10-12,14.95,14.95,14.65,14.85,53200
2004-10-13,14.7,14.95,14.35,14.75,84800
2004-10-14,15.15,15.15,14.55,14.65,35200
2004-10-15,14.65,15.05,14.65,14.85,76000
2004-10-18,15.1,15.1,14.5,14.65,55600
2004-10-19,14.8,14.9,14.5,14.55,47800
2004-10-20,15.0,15.45,14.85,15.25,127100
2004-10-21,15.3,15.65,15.2,15.55,101300
2004-10-22,15.55,15.7,15.25,15.45,52700
2004-10-25,15.75,16.25,15.75,16.25,83700
2004-10-26,15.4,15.4,15.0,15.35,350700
2004-10-27,15.4,15.6,15.25,15.35,107700
2004-10-28,15.15,15.65,15.1,15.1,73800
2004-10-29,15.1,16.2,15.1,16.05,120700
2004-11-01,16.2,16.2,15.25,15.35,77100
2004-11-02,15.15,15.15,14.05,14.7,95400
2004-11-03,14.95,15.35,14.95,15.35,108000
2004-11-04,16.0,16.5,15.75,15.85,130000
2004-11-05,15.9,16.5,15.75,16.45,98100
2004-11-08,16.3,17.0,16.2,16.8,116500
2004-11-09,16.8,16.8,16.25,16.6,122100
2004-11-10,16.6,16.6,16.0,16.15,65200
2004-11-11,16.0,16.3,16.0,16.2,24300
2004-11-12,16.2,17.0,16.1,16.7,187300
2004-11-15,16.7,16.8,15.85,16.05,56500
2004-11-16,16.1,16.7,16.1,16.65,87300
2004-11-17,16.8,18.05,16.8,17.9,176600
2004-11-18,17.6,17.7,17.2,17.2,91000
2004-11-19,17.5,18.0,17.0,17.15,147900
2004-11-22,17.15,17.75,17.15,17.55,109900
2004-11-23,17.35,17.6,17.15,17.3,44400
2004-11-24,17.5,17.7,17.2,17.2,63000
2004-11-26,17.45,17.65,17.35,17.65,47500
2004-11-29,17.6,17.75,17.2,17.2,97100
2004-11-30,17.1,17.25,16.05,16.7,163000
2004-12-01,16.5,16.65,16.1,16.2,111100
2004-12-02,16.45,16.45,14.75,15.25,190100
2004-12-03,15.25,16.3,15.05,16.2,146300
2004-12-06,15.95,16.1,15.3,15.9,61200
2004-12-07,15.85,15.95,15.2,15.4,60400
2004-12-08,14.5,15.35,14.4,14.9,108700
2004-12-09,14.75,15.2,14.3,15.0,73600
2004-12-10,14.8,14.9,14.55,14.65,45000
2004-12-13,14.65,14.8,14.3,14.65,68300
2004-12-14,14.55,15.0,14.0,14.95,65300
2004-12-15,15.05,15.4,14.8,14.95,81100
2004-12-16,15.0,15.05,14.55,15.0,90200
2004-12-17,14.8,15.45,14.8,15.45,134100
2004-12-20,15.5,15.65,15.05,15.1,70500
2004-12-21,15.1,15.15,14.6,14.75,108100
2004-12-22,14.75,14.75,14.3,14.4,71500
2004-12-23,14.45,14.5,14.2,14.35,49500
2004-12-27,14.45,14.9,14.45,14.85,39000
2004-12-28,14.95,15.15,14.5,14.75,30800
2004-12-29,14.5,14.7,14.15,14.5,109100
2004-12-30,14.5,14.9,14.3,14.65,51200
2004-12-31,14.8,14.95,14.65,14.75,29200
2005-01-03,14.6,14.6,14.2,14.2,40500
2005-01-04,14.15,14.4,13.35,13.7,85500
2005-01-05,13.5,13.9,13.35,13.8,55200
2005-01-06,13.75,13.75,13.1,13.4,66600
2005-01-07,13.65,13.7,13.2,13.4,38000
2005-01-10,13.5,13.95,13.45,13.75,112200
2005-01-11,14.05,14.15,13.75,14.1,139700
2005-01-12,14.35,14.5,13.8,13.8,94100
2005-01-13,13.75,13.95,13.65,13.95,43700
2005-01-14,13.65,13.8,13.45,13.55,33900
2005-01-18,13.4,13.95,13.35,13.85,29300
2005-01-19,14.0,14.1,13.5,13.7,49600
2005-01-20,13.5,13.85,13.5,13.8,23900
2005-01-21,13.65,14.3,13.65,14.2,39000
2005-01-24,14.45,14.45,13.55,13.7,75000
2005-01-25,13.65,13.65,13.15,13.2,69700
2005-01-26,13.5,13.75,13.4,13.45,22600
2005-01-27,13.5,13.75,13.3,13.55,68800
2005-01-28,13.7,13.7,13.4,13.65,37600
2005-01-31,13.5,13.6,13.4,13.5,23300
2005-02-01,13.4,13.75,13.3,13.75,22900
2005-02-02,13.8,13.8,13.45,13.5,42300
2005-02-03,13.2,13.5,13.15,13.3,105000
2005-02-04,13.3,13.55,13.05,13.4,63300
2005-02-07,13.45,13.45,13.15,13.15,61500
2005-02-08,13.15,13.6,13.15,13.45,73300
2005-02-09,13.45,13.75,13.35,13.7,70600
2005-02-10,13.7,14.3,13.7,14.15,178200
2005-02-11,14.3,15.0,14.3,14.95,108000
2005-02-14,15.35,15.7,15.2,15.2,111600
2005-02-15,14.9,15.3,14.9,15.0,58400
2005-02-16,14.85,15.45,14.75,15.3,79300
2005-02-17,15.4,16.05,15.3,15.85,92700
2005-02-18,15.65,15.9,15.55,15.7,37800
2005-02-22,16.2,16.2,15.55,15.7,77600
2005-02-23,15.65,15.75,15.0,15.5,51700
2005-02-24,15.6,15.6,15.0,15.15,68800
2005-02-25,15.1,15.45,15.05,15.4,39900
2005-02-28,15.5,15.65,15.4,15.45,28600
2005-03-01,15.35,15.35,14.9,15.15,58600
2005-03-02,15.05,15.85,15.05,15.55,56500
2005-03-03,15.65,15.85,15.35,15.8,41600
2005-03-04,15.7,16.05,15.65,15.75,90100
2005-03-07,15.7,16.1,15.65,15.9,42400
2005-03-08,16.0,16.75,16.0,16.65,107900
2005-03-09,17.0,17.0,16.45,16.75,68100
2005-03-10,16.85,16.85,16.25,16.45,39900
2005-03-11,16.3,16.7,16.15,16.5,64000
2005-03-14,16.25,16.45,16.1,16.45,41600
2005-03-15,16.5,16.75,16.5,16.75,46800
2005-03-16,16.75,16.85,15.85,16.05,65500
2005-03-17,15.85,16.45,15.6,16.05,49800
2005-03-18,15.95,15.95,15.6,15.6,43500
2005-03-21,15.55,15.55,15.0,15.25,58300
2005-03-22,15.2,15.4,14.5,14.55,108200
2005-03-23,14.45,14.6,14.15,14.2,66600
2005-03-24,14.3,14.45,13.75,14.2,83400
2005-03-28,14.0,14.2,13.75,14.15,62900
2005-03-29,14.2,14.25,13.35,13.65,99800
2005-03-30,13.6,13.65,13.45,13.5,39100
2005-03-31,13.85,14.35,13.65,14.35,117700
2005-04-01,14.1,14.75,13.85,14.75,66600
2005-04-04,14.6,14.6,14.05,14.05,92100
2005-04-05,14.25,14.3,13.8,14.1,114600
2005-04-06,14.1,14.25,13.85,14.25,35400
2005-04-07,14.15,14.4,14.0,14.35,28500
2005-04-08,14.25,14.25,13.8,13.8,45800
2005-04-11,14.0,14.0,13.35,13.75,50100
2005-04-12,13.75,13.75,13.3,13.55,35700
2005-04-13,13.55,13.85,13.45,13.45,86900
2005-04-14,13.25,13.3,12.35,12.35,88900
2005-04-15,12.45,13.0,12.0,12.0,61800
2005-04-18,11.85,12.85,11.85,12.75,37900
2005-04-19,13.0,13.15,12.6,13.05,92400
2005-04-20,13.0,13.35,12.25,12.35,62400
2005-04-21,12.35,12.5,11.95,12.05,49600
2005-04-22,12.45,12.45,12.05,12.15,58800
2005-04-25,12.1,12.4,12.0,12.4,40300
2005-04-26,12.75,12.75,12.1,12.2,57200
2005-04-27,12.0,12.05,11.55,11.65,92300
2005-04-28,11.4,11.8,11.35,11.75,74900
2005-04-29,11.75,11.9,11.55,11.8,58100
2005-05-02,11.7,11.7,11.3,11.5,59900
2005-05-03,11.5,11.5,11.1,11.4,49500
2005-05-04,11.5,11.7,11.35,11.45,53200
2005-05-05,11.4,11.55,11.15,11.35,32700
2005-05-06,11.25,11.5,11.1,11.35,31600
2005-05-09,11.25,11.6,11.25,11.5,18900
2005-05-10,11.65,12.1,11.6,11.95,66900
2005-05-11,11.85,11.85,11.25,11.55,36100
2005-05-12,11.5,11.5,11.0,11.05,41300
2005-05-13,10.85,11.05,10.4,10.45,56500
2005-05-16,10.35,10.5,10.15,10.2,46900
2005-05-17,10.25,10.55,10.1,10.25,72500
2005-05-18,10.4,10.65,10.3,10.65,37100
2005-05-19,10.8,10.8,10.25,10.55,36700
2005-05-20,10.65,10.65,10.3,10.4,38500
2005-05-23,10.65,12.25,10.5,11.9,80000
2005-05-24,11.4,11.45,11.05,11.35,129500
2005-05-25,11.25,11.45,11.0,11.4,58100
2005-05-26,11.3,11.35,11.05,11.25,34500
2005-05-27,11.2,12.1,11.1,12.05,142700
2005-05-31,11.55,11.75,11.25,11.55,102400
2005-06-01,11.5,11.9,11.5,11.7,66100
2005-06-02,11.8,12.15,11.6,11.6,59600
2005-06-03,11.6,11.95,11.55,11.55,61600
2005-06-06,11.75,11.85,11.6,11.6,61900
2005-06-07,11.75,11.75,11.3,11.4,43900
2005-06-08,11.75,11.75,11.35,11.5,60300
2005-06-09,11.4,11.5,11.25,11.4,55800
2005-06-10,11.45,11.85,11.3,11.8,46600
2005-06-13,12.0,12.85,12.0,12.6,148400
2005-06-14,12.6,12.95,12.35,12.5,64600
2005-06-15,12.75,13.05,12.4,12.8,61300
2005-06-16,13.0,13.3,13.0,13.15,77700
2005-06-17,13.5,13.6,13.3,13.3,109900
2005-06-20,13.45,13.6,12.5,12.55,95700
2005-06-21,12.55,13.25,12.3,13.2,62600
2005-06-22,12.8,13.0,12.5,12.55,90700
2005-06-23,12.65,12.95,12.65,12.65,124200
2005-06-24,12.6,13.0,12.6,12.6,91600
2005-06-27,12.55,12.75,12.25,12.25,88500
2005-06-28,12.05,12.1,11.8,12.0,52100
2005-06-29,12.0,13.0,12.0,12.95,128600
2005-06-30,13.0,13.6,13.0,13.35,214000
2005-07-01,13.2,14.15,13.15,13.9,81700
2005-07-05,13.1,13.6,12.7,13.45,132200
2005-07-06,13.55,13.85,13.5,13.75,48700
2005-07-07,13.95,14.1,13.65,13.95,57900
2005-07-08,14.2,14.3,13.65,13.75,34300
2005-07-11,13.8,14.0,13.65,13.95,29000
2005-07-12,14.2,14.2,13.75,13.9,64500
2005-07-13,13.85,13.85,13.65,13.75,33100
2005-07-14,14.0,14.15,13.35,13.5,107000
2005-07-15,13.3,13.3,12.8,12.85,93800
2005-07-18,12.85,12.95,12.65,12.7,97500
2005-07-19,12.7,13.1,12.6,12.9,100700
2005-07-20,13.1,13.15,12.85,13.0,71400
2005-07-21,13.25,13.8,13.15,13.8,61900
2005-07-22,13.85,14.05,13.5,14.05,50200
2005-07-25,14.1,14.15,13.75,13.95,39500
2005-07-26,13.7,13.7,13.25,13.4,38700
2005-07-27,13.4,13.55,13.35,13.4,21500
2005-07-28,13.5,13.7,13.3,13.6,72200
2005-07-29,13.65,13.65,13.3,13.45,61000
2005-08-01,13.65,13.75,12.85,13.25,47300
2005-08-02,13.3,13.95,13.25,13.8,113500
2005-08-03,14.05,15.6,14.05,15.45,314400
2005-08-04,15.25,15.45,14.8,15.1,216300
2005-08-05,15.1,15.1,14.25,14.6,81700
2005-08-08,14.6,14.6,13.75,13.85,93400
2005-08-09,13.75,13.75,13.45,13.75,148200
2005-08-10,13.8,14.85,13.8,14.4,206700
2005-08-11,14.95,15.85,14.95,15.85,228100
2005-08-12,15.55,15.95,15.4,15.7,213900
2005-08-15,15.7,15.9,15.1,15.85,108500
2005-08-16,15.85,16.4,15.6,16.1,92900
2005-08-17,16.15,16.15,15.5,15.65,111700
2005-08-18,15.6,15.7,14.9,15.0,75200
2005-08-19,15.0,15.2,14.7,14.8,66100
2005-08-22,15.1,15.15,14.5,14.55,67500
2005-08-23,14.6,14.9,14.55,14.65,48100
2005-08-24,14.85,14.85,14.2,14.2,54500
2005-08-25,14.05,14.6,14.05,14.45,74900
2005-08-26,14.45,17.75,14.4,17.75,191000
2005-08-29,16.1,16.1,15.1,15.3,95700
2005-08-30,14.95,15.1,14.55,14.95,104200
2005-08-31,14.8,15.3,14.8,15.05,70700
2005-09-01,15.55,15.95,15.4,15.8,84100
2005-09-02,16.2,16.2,15.9,16.0,66400
2005-09-06,16.0,16.2,15.9,15.9,54500
2005-09-07,15.9,16.1,15.6,15.8,46100
2005-09-08,16.5,16.5,16.1,16.4,53000
2005-09-09,16.6,16.65,16.05,16.25,74400
2005-09-12,15.95,16.15,15.8,16.0,66400
2005-09-13,16.0,16.0,15.75,15.75,57000
2005-09-14,15.85,16.75,15.85,16.7,101000
2005-09-15,16.9,17.45,16.75,17.35,140400
2005-09-16,18.0,18.65,17.3,17.3,299500
2005-09-19,18.15,18.5,17.2,17.75,316800
2005-09-20,17.75,18.2,17.3,17.5,262600
2005-09-21,17.6,18.45,17.6,18.4,94900
2005-09-22,16.05,18.55,16.05,17.7,119000
2005-09-23,17.65,18.0,16.8,17.95,92900
2005-09-26,17.9,18.55,17.35,17.95,113900
2005-09-27,17.45,17.75,16.8,17.7,184200
2005-09-28,17.8,18.0,17.25,17.65,88500
2005-09-29,17.5,18.15,17.45,17.6,174600
2005-09-30,17.8,17.95,17.4,17.75,124300
2005-10-03,17.6,17.6,17.0,17.1,83900
2005-10-04,17.2,17.45,16.15,16.45,97100
2005-10-05,16.45,16.65,15.85,16.25,106000
2005-10-06,16.6,17.15,16.5,17.15,85900
2005-10-07,17.25,18.0,17.1,17.8,107000
2005-10-10,18.0,18.25,17.1,18.0,64800
2005-10-11,17.8,18.3,17.55,18.05,89300
2005-10-12,18.15,18.65,17.3,17.8,174100
2005-10-13,17.4,17.4,16.25,16.6,183500
2005-10-14,16.1,16.4,15.95,16.0,123600
2005-10-17,16.35,16.55,16.05,16.3,107400
2005-10-18,16.2,16.2,15.5,15.65,76600
2005-10-19,15.25,15.45,14.85,15.35,128000
2005-10-20,15.0,15.55,14.3,14.65,129500
2005-10-21,14.65,15.1,14.25,14.95,101800
2005-10-24,14.95,15.3,14.75,15.25,68700
2005-10-25,15.65,16.05,15.35,15.4,76500
2005-10-26,15.45,15.65,14.75,14.95,163700
2005-10-27,15.25,15.4,14.65,14.65,70700
2005-10-28,14.55,15.4,14.35,15.1,94000
2005-10-31,15.4,15.85,14.65,15.2,74700
2005-11-01,15.2,15.75,14.75,15.75,81300
2005-11-02,15.85,17.15,15.8,16.85,92800
2005-11-03,16.95,16.95,16.25,16.45,79500
2005-11-04,16.7,16.75,15.85,16.7,100700
2005-11-07,16.9,17.15,16.3,16.5,45400
2005-11-08,16.3,16.8,16.3,16.4,50700
2005-11-09,16.6,17.0,16.4,16.85,67900
2005-11-10,17.0,17.1,16.45,16.7,77700
2005-11-11,16.5,17.3,16.5,17.25,48700
2005-11-14,17.2,17.45,17.1,17.2,55000
2005-11-15,17.2,17.6,17.2,17.45,69700
2005-11-16,17.8,18.25,17.6,18.25,220300
2005-11-17,18.5,19.7,18.5,19.65,318700
2005-11-18,19.65,20.3,18.9,19.75,192800
2005-11-21,20.25,21.5,20.15,21.45,439700
2005-11-22,21.25,21.55,20.25,20.6,354300
2005-11-23,20.5,20.5,19.65,20.05,281000
2005-11-25,20.35,20.8,20.35,20.8,71800
2005-11-28,20.95,21.05,20.1,20.3,159200
2005-11-29,20.3,20.3,19.8,20.15,255600
2005-11-30,20.0,20.4,19.8,20.05,203000
2005-12-01,20.1,21.65,20.1,21.4,490900
2005-12-02,21.45,21.5,20.55,20.65,270500
2005-12-05,21.05,21.4,20.65,21.05,261000
2005-12-06,20.75,22.45,20.75,21.65,342800
2005-12-07,21.9,22.8,21.65,22.0,473000
2005-12-08,21.75,22.45,21.75,21.95,377600
2005-12-09,22.55,22.55,20.5,21.25,376900
2005-12-12,21.75,22.3,20.3,20.65,672100
2005-12-13,20.5,20.75,20.2,20.2,387000
2005-12-14,19.75,20.5,19.75,20.0,270900
2005-12-15,20.25,21.15,20.2,20.5,305700
2005-12-16,20.6,21.35,20.6,20.85,279400
2005-12-19,21.2,22.3,21.2,21.7,426400
2005-12-20,21.9,22.2,20.85,21.0,263800
2005-12-21,21.25,22.1,20.85,22.05,288600
2005-12-22,22.5,24.1,22.45,24.0,424900
2005-12-23,24.45,25.25,24.25,24.95,559000
2005-12-27,25.7,26.9,24.35,24.75,283200
2005-12-28,25.55,25.55,24.05,24.65,377200
2005-12-29,24.95,25.1,24.35,24.75,217700
2005-12-30,24.85,24.85,24.05,24.5,148400
2006-01-03,25.1,26.4,25.1,26.05,360700
2006-01-04,26.4,27.5,25.7,27.1,261900
2006-01-05,26.5,26.65,25.5,26.55,251500
2006-01-06,27.05,28.4,26.9,27.0,284900
2006-01-09,26.85,27.2,26.0,26.65,262800
2006-01-10,26.0,26.75,25.85,26.3,122100
2006-01-11,26.3,27.1,25.95,26.3,170400
2006-01-12,26.25,26.3,25.0,25.25,217200
2006-01-13,25.6,26.2,25.25,25.95,220800
2006-01-17,26.1,26.1,24.05,24.25,384300
2006-01-18,23.25,23.4,22.0,22.65,411300
2006-01-19,23.35,25.0,23.35,25.0,573100
2006-01-20,23.9,23.9,22.4,22.9,540400
2006-01-23,23.15,23.35,22.8,23.3,320500
2006-01-24,23.2,23.45,22.55,23.2,264400
2006-01-25,24.75,24.75,23.5,24.4,321400
2006-01-26,24.3,24.3,23.75,23.95,229400
2006-01-27,23.9,24.4,23.4,24.4,267000
2006-01-30,24.6,25.3,24.45,24.85,309100
2006-01-31,25.4,26.3,25.05,25.4,480100
2006-02-01,25.4,25.65,24.55,24.85,324100
2006-02-02,24.95,26.05,24.9,25.2,471100
2006-02-03,25.25,25.3,24.0,24.1,306200
2006-02-06,24.4,24.9,24.05,24.2,190800
2006-02-07,23.5,23.55,22.1,22.35,309300
2006-02-08,22.1,22.75,21.55,22.0,237300
2006-02-09,23.25,23.3,22.4,22.75,202900
2006-02-10,22.25,22.45,20.9,21.5,273400
2006-02-13,21.15,21.65,20.05,20.35,290000
2006-02-14,21.25,22.05,20.6,21.95,231800
2006-02-15,21.7,22.7,21.15,21.35,226800
2006-02-16,21.8,23.0,21.1,22.8,194000
2006-02-17,23.45,23.8,22.6,22.8,252000
2006-02-21,23.4,23.7,23.0,23.4,274700
2006-02-22,23.0,23.6,22.85,23.05,135500
2006-02-23,23.1,23.15,22.45,22.65,120400
2006-02-24,23.05,23.05,21.55,21.8,351300
2006-02-27,22.0,22.0,20.95,21.3,224300
2006-02-28,21.45,21.75,20.85,21.45,155900
2006-03-01,21.7,22.7,21.5,22.25,270700
2006-03-02,22.5,23.4,22.15,23.05,334900
2006-03-03,23.6,23.65,22.9,23.0,251700
2006-03-06,23.0,23.0,21.05,21.75,272800
2006-03-07,21.6,21.6,20.85,21.5,138600
2006-03-08,21.1,21.4,20.6,21.0,207500
2006-03-09,21.5,21.75,20.6,20.75,178200
2006-03-10,20.65,21.7,20.05,21.3,195700
2006-03-13,21.8,21.8,21.2,21.35,126500
2006-03-14,21.35,21.75,21.05,21.5,135300
2006-03-15,21.65,21.95,21.3,21.5,140600
2006-03-16,21.55,21.7,20.85,20.85,234900
2006-03-17,21.5,21.75,20.6,21.75,218800
2006-03-20,21.5,22.15,21.35,21.45,117100
2006-03-21,21.35,21.35,20.7,20.75,148800
2006-03-22,20.55,20.6,20.25,20.6,156400
2006-03-23,20.25,20.5,19.55,19.65,255500
2006-03-24,20.25,21.25,20.05,21.25,521700
2006-03-27,21.95,22.85,21.6,22.75,579400
2006-03-28,22.85,22.95,21.9,22.1,325600
2006-03-29,22.1,22.9,21.95,22.9,189000
2006-03-30,24.05,24.75,23.75,24.2,358900
2006-03-31,24.15,24.45,23.3,23.9,253200
2006-04-03,24.2,24.65,24.2,24.45,246300
2006-04-04,23.8,24.7,23.8,24.55,175300
2006-04-05,24.7,24.95,24.35,24.7,186800
2006-04-06,25.5,25.5,24.75,25.2,243200
2006-04-07,24.85,24.95,24.1,24.45,174500
2006-04-10,24.8,25.15,24.3,24.35,279500
2006-04-11,24.4,24.8,23.65,24.1,259600
2006-04-12,24.2,24.75,23.9,24.75,165400
2006-04-13,24.6,24.6,24.15,24.4,137300
2006-04-17,25.05,25.65,24.9,25.25,208900
2006-04-18,25.45,25.7,24.85,25.7,238700
2006-04-19,25.7,26.45,25.05,26.3,256800
2006-04-20,26.3,26.35,24.65,25.1,363900
2006-04-21,25.6,26.25,25.5,25.95,188200
2006-04-24,26.0,26.0,25.2,25.95,213900
2006-04-25,26.3,26.6,25.2,25.8,215000
2006-04-26,25.95,26.15,25.55,25.8,159800
2006-04-27,25.3,25.8,24.95,25.3,207900
2006-04-28,25.6,26.6,25.5,26.2,210400
2006-05-01,26.7,27.25,26.5,26.95,168400
2006-05-02,27.35,28.1,27.1,27.9,265200
2006-05-03,28.2,28.25,26.5,27.3,257600
2006-05-04,27.4,27.65,26.65,27.5,197900
2006-05-05,27.4,27.4,26.55,26.7,167100
2006-05-08,26.5,26.8,25.7,26.7,187400
2006-05-09,27.3,27.55,26.8,27.25,213100
2006-05-10,26.9,28.25,26.85,27.85,255100
2006-05-11,28.5,29.0,27.5,27.5,446500
2006-05-12,27.75,27.95,25.85,26.35,229200
2006-05-15,25.1,25.35,23.9,24.15,248000
2006-05-16,24.05,25.35,23.2,24.1,246400
2006-05-17,24.85,25.25,23.15,23.35,253600
2006-05-18,24.4,24.4,22.4,23.0,245300
2006-05-19,22.55,23.65,21.7,23.4,223300
2006-05-22,22.5,23.2,21.75,22.95,170300
2006-05-23,24.15,24.15,22.3,22.3,342800
2006-05-24,21.8,22.25,21.5,22.15,185300
2006-05-25,22.7,23.4,22.4,23.3,176700
2006-05-26,23.85,23.85,22.75,23.05,175000
2006-05-30,24.3,25.05,23.95,24.25,237500
2006-05-31,24.25,25.15,24.05,25.15,292900
2006-06-01,24.25,24.8,24.0,24.75,154600
2006-06-02,25.25,25.55,24.65,24.75,105200
2006-06-05,25.25,25.25,24.05,24.35,128800
2006-06-06,23.7,24.15,23.4,24.0,81700
2006-06-07,23.3,24.8,23.0,23.55,121400
2006-06-08,23.05,23.05,21.7,22.75,207700
2006-06-09,23.25,23.6,22.5,23.0,107400
2006-06-12,23.25,23.4,21.65,21.75,175100
2006-06-13,21.0,21.2,20.15,20.85,468100
2006-06-14,21.3,21.6,20.6,20.9,216700
2006-06-15,21.6,22.8,21.5,22.8,171300
2006-06-16,22.1,22.35,21.4,21.4,151800
2006-06-19,21.4,21.75,21.15,21.35,118000
2006-06-20,21.45,22.45,21.25,22.45,111700
2006-06-21,22.35,23.65,22.35,23.05,175000
2006-06-22,23.6,23.6,22.7,22.85,152100
2006-06-23,22.5,23.4,22.3,23.35,139000
2006-06-26,23.5,23.7,22.9,23.65,102000
2006-06-27,24.15,24.15,22.6,22.6,121400
2006-06-28,22.95,23.0,22.0,22.15,122700
2006-06-29,22.5,23.9,22.5,23.75,148300
2006-06-30,23.9,24.7,23.9,24.15,207000
2006-07-03,24.4,24.7,24.3,24.55,70300
2006-07-05,25.0,25.1,24.15,24.8,134000
2006-07-06,24.75,25.15,24.5,25.1,90300
2006-07-07,25.1,25.1,24.6,24.75,73800
2006-07-10,24.4,24.55,23.8,24.0,73800
2006-07-11,24.15,24.25,23.65,24.2,245700
2006-07-12,24.3,24.6,23.35,23.55,234200
2006-07-13,23.55,23.7,22.55,22.9,162700
2006-07-14,23.45,23.75,23.1,23.5,82200
2006-07-17,23.5,23.5,22.2,22.2,85000
2006-07-18,22.5,22.6,21.6,22.2,138100
2006-07-19,22.25,23.25,22.0,22.75,214700
2006-07-20,22.5,22.95,21.65,21.75,110200
2006-07-21,22.0,22.05,21.15,21.35,88000
2006-07-24,21.35,22.0,20.75,21.95,103100
2006-07-25,22.4,22.7,21.85,22.65,155300
2006-07-26,22.85,23.55,22.35,23.55,155200
2006-07-27,23.95,24.15,22.95,23.05,82900
2006-07-28,22.85,24.05,22.85,24.05,72900
2006-07-31,24.05,24.15,23.55,23.7,95100
2006-08-01,23.7,24.95,23.45,24.8,145900
2006-08-02,24.9,25.6,24.7,25.25,216600
2006-08-03,24.15,24.3,23.5,24.05,242700
2006-08-04,24.2,24.5,23.1,23.45,123800
2006-08-07,23.45,24.0,23.0,23.9,171600
2006-08-08,23.65,23.65,22.95,23.3,134900
2006-08-09,23.5,23.8,23.35,23.5,107400
2006-08-10,23.4,23.65,23.0,23.1,78200
2006-08-11,23.35,23.45,22.35,22.35,73600
2006-08-14,22.15,22.55,21.9,22.05,71900
2006-08-15,22.05,22.55,22.0,22.15,77100
2006-08-16,22.45,22.75,22.15,22.3,154200
2006-08-17,22.3,22.3,21.7,21.9,104700
2006-08-18,21.9,22.1,21.4,21.75,93000
2006-08-21,22.25,22.85,22.25,22.6,103900
2006-08-22,22.25,23.35,22.25,23.3,109000
2006-08-23,23.5,23.8,23.3,23.3,80900
2006-08-24,23.3,23.6,23.05,23.3,72100
2006-08-25,23.3,23.45,22.95,23.25,47300
2006-08-28,23.25,23.25,22.55,22.75,75700
2006-08-29,22.9,23.8,22.35,23.8,102900
2006-08-30,23.8,23.9,23.05,23.3,105400
2006-08-31,23.55,24.9,23.55,24.65,273300
2006-09-01,24.55,24.9,24.0,24.4,202400
2006-09-05,24.65,24.95,24.2,24.7,258600
2006-09-06,24.7,25.5,24.25,24.8,195900
2006-09-07,24.4,24.5,23.9,24.15,142000
2006-09-08,23.95,23.95,23.45,23.9,105700
2006-09-11,22.95,22.95,21.6,22.05,390000
2006-09-12,22.45,23.05,21.5,21.55,218200
2006-09-13,21.9,22.45,21.5,21.95,272600
2006-09-14,22.2,22.5,21.7,22.5,288900
2006-09-15,21.9,22.1,20.9,20.9,464700
2006-09-18,21.45,21.75,20.9,21.35,417400
2006-09-19,21.0,21.55,20.2,20.35,246000
2006-09-20,20.95,21.0,20.25,20.4,219800
2006-09-21,20.4,21.25,20.05,21.25,183500
2006-09-22,21.65,21.65,20.8,21.0,168600
2006-09-25,20.9,20.9,19.8,20.2,218300
2006-09-26,20.35,21.0,20.2,20.95,111000
2006-09-27,21.35,22.2,21.35,22.2,284700
2006-09-28,22.25,22.8,21.9,21.95,225300
2006-09-29,21.8,22.35,21.55,21.75,65800
2006-10-02,22.45,22.55,21.75,22.0,106500
2006-10-03,21.75,21.75,20.1,20.35,255800
2006-10-04,20.5,23.2,19.1,20.25,287400
2006-10-05,20.65,20.8,19.9,20.7,234500
2006-10-06,20.15,20.75,19.85,20.55,154000
2006-10-09,20.75,20.8,20.0,20.55,89300
2006-10-10,20.4,20.4,19.55,19.9,266800
2006-10-11,20.0,20.05,19.4,19.8,177800
2006-10-12,19.85,20.25,19.65,20.2,178100
2006-10-13,20.8,21.1,20.4,20.85,176100
2006-10-16,21.15,21.55,21.05,21.2,192400
2006-10-17,21.2,21.3,20.65,20.8,105300
2006-10-18,20.8,20.8,20.4,20.65,87200
2006-10-19,20.65,21.4,20.65,21.35,197500
2006-10-20,21.35,21.35,20.8,20.9,118500
2006-10-23,20.65,20.85,20.35,20.65,181300
2006-10-24,20.55,20.8,20.25,20.7,202600
2006-10-25,20.75,21.55,20.35,21.55,135100
2006-10-26,21.75,21.75,21.05,21.35,134300
2006-10-27,21.35,21.45,20.7,20.95,145200
2006-10-30,21.25,21.55,20.9,20.95,98300
2006-10-31,20.8,21.4,20.75,21.3,112900
2006-11-01,21.6,22.45,21.6,21.6,341000
2006-11-02,21.6,22.75,21.55,22.2,299400
2006-11-03,22.25,23.25,21.75,23.25,251000
2006-11-06,23.75,24.4,23.2,23.65,374500
2006-11-07,23.85,24.25,23.65,23.75,163600
2006-11-08,24.05,24.5,23.5,24.45,166700
2006-11-09,24.75,25.95,24.5,25.6,287700
2006-11-10,25.5,26.0,25.4,25.85,175100
2006-11-13,25.15,25.75,24.85,25.75,277500
2006-11-14,25.85,26.05,25.15,25.3,137000
2006-11-15,25.0,26.05,24.65,25.6,265100
2006-11-16,25.85,26.1,24.25,24.25,242600
2006-11-17,24.15,25.25,23.95,24.75,162400
2006-11-20,25.1,25.75,25.0,25.55,158400
2006-11-21,25.9,25.95,25.3,25.4,221700
2006-11-22,25.75,25.95,25.5,25.8,141900
2006-11-24,26.5,27.7,26.25,27.4,192000
2006-11-27,27.65,27.9,27.0,27.8,252600
2006-11-28,27.8,28.4,27.45,28.3,270400
2006-11-29,27.9,27.9,26.95,26.95,300600
2006-11-30,27.7,28.4,27.5,28.0,271700
2006-12-01,28.3,29.45,28.1,29.2,317700
2006-12-04,29.45,30.85,29.0,30.75,341300
2006-12-05,30.45,30.75,29.25,29.65,321000
2006-12-06,28.95,29.5,28.6,28.7,334900
2006-12-07,28.75,29.85,28.4,29.15,316900
2006-12-08,29.5,29.95,28.45,28.55,346300
2006-12-11,28.85,29.1,28.6,28.85,204400
2006-12-12,28.5,28.75,27.7,28.35,259800
2006-12-13,27.75,27.95,27.4,27.6,337800
2006-12-14,27.5,27.5,26.35,26.45,409900
2006-12-15,26.25,26.6,25.85,26.05,382500
2006-12-18,26.05,26.3,25.1,25.3,289000
2006-12-19,25.55,27.1,25.3,26.9,458300
2006-12-20,26.8,26.8,26.05,26.1,243100
2006-12-21,26.1,26.6,25.6,25.65,262500
2006-12-22,25.75,26.4,25.35,26.0,240300
2006-12-26,26.5,27.2,25.6,25.75,139100
2006-12-27,26.3,26.9,26.2,26.55,167500
2006-12-28,26.9,27.55,26.9,27.4,268200
2006-12-29,27.35,27.45,27.0,27.0,163600
2007-01-03,27.55,27.65,25.9,26.2,286200
2007-01-04,26.1,26.3,25.5,25.55,172900
2007-01-05,25.0,26.5,23.8,25.8,325000
2007-01-08,26.0,26.6,25.4,26.6,211600
2007-01-09,25.95,27.0,25.7,26.45,221000
2007-01-10,25.9,26.45,25.9,26.15,140400
2007-01-11,26.1,26.75,25.3,25.45,284100
2007-01-12,25.85,27.1,25.75,26.9,225600
2007-01-16,27.25,27.55,26.55,27.5,272200
2007-01-17,27.3,27.75,26.95,27.05,244600
2007-01-18,27.2,27.35,26.35,26.75,199000
2007-01-19,26.7,28.0,26.4,27.95,218500
2007-01-22,27.75,28.15,27.0,27.2,166600
2007-01-23,27.4,28.75,27.4,28.35,271600
2007-01-24,27.85,28.75,27.65,28.6,171600
2007-01-25,28.75,29.05,27.85,28.5,251300
2007-01-26,28.1,28.6,28.0,28.6,194900
2007-01-29,28.25,28.45,27.1,27.4,328000
2007-01-30,27.8,27.9,27.0,27.15,191700
2007-01-31,27.25,28.55,27.1,28.35,285000
2007-02-01,29.2,30.35,27.35,29.5,335500
2007-02-02,29.05,29.5,27.8,29.25,271900
2007-02-05,29.5,29.55,28.9,29.05,150300
2007-02-06,29.55,30.25,28.75,28.75,240700
2007-02-07,28.85,29.1,28.25,28.65,160600
2007-02-08,28.65,29.8,28.3,29.8,232800
2007-02-09,29.9,31.0,29.0,29.85,434700
2007-02-12,29.9,30.75,29.2,29.5,221200
2007-02-13,30.3,30.3,29.75,29.8,283400
2007-02-14,30.55,30.9,30.0,30.55,323600
2007-02-15,31.0,31.65,30.45,31.65,492000
2007-02-16,31.0,32.5,31.0,32.5,304600
2007-02-20,31.0,31.15,30.15,30.35,352300
2007-02-21,31.25,32.75,30.8,32.75,357800
2007-02-22,32.0,32.5,31.65,31.9,249000
2007-02-23,32.7,32.75,31.75,32.0,251000
2007-02-26,32.05,32.25,31.75,32.1,264100
2007-02-27,31.0,31.75,28.95,30.15,538200
2007-02-28,29.9,30.45,28.6,29.9,396600
2007-03-01,29.6,29.6,28.75,29.25,316400
2007-03-02,28.25,29.25,27.6,28.1,478100
2007-03-05,27.15,28.4,26.5,27.45,406400
2007-03-06,28.2,29.2,28.2,29.15,316400
2007-03-07,29.2,29.9,28.9,29.85,287600
2007-03-08,29.95,30.4,28.75,29.2,340800
2007-03-09,29.55,29.6,28.55,29.2,144400
2007-03-12,28.5,29.7,28.35,29.2,117200
2007-03-13,29.25,29.8,28.05,28.55,220600
2007-03-14,28.05,28.4,26.75,28.05,302700
2007-03-15,28.2,28.8,28.0,28.1,204800
2007-03-16,28.85,29.5,28.1,28.1,271900
2007-03-19,29.2,29.35,28.8,29.3,149900
2007-03-20,30.1,30.35,29.65,29.85,207600
2007-03-21,29.9,30.75,29.75,30.55,184200
2007-03-22,31.0,31.4,30.4,31.3,248600
2007-03-23,31.2,31.5,30.3,31.0,239700
2007-03-26,31.2,31.4,30.2,30.5,329700
2007-03-27,30.5,30.55,29.8,30.55,205600
2007-03-28,30.55,30.55,30.05,30.4,114900
2007-03-29,30.0,30.4,29.25,29.55,246400
2007-03-30,29.65,29.9,29.0,29.15,188300
2007-04-02,29.0,29.55,28.6,29.35,249900
2007-04-03,29.25,30.05,29.15,29.75,239400
2007-04-04,30.25,31.05,30.15,31.05,345900
2007-04-05,31.0,31.15,30.45,30.6,323300
2007-04-09,31.05,31.1,30.45,30.55,179900
2007-04-10,31.2,31.35,30.6,30.9,171000
2007-04-11,31.25,31.35,30.15,30.65,367600
2007-04-12,30.6,31.45,30.45,31.4,169400
2007-04-13,31.35,31.85,31.15,31.6,328000
2007-04-16,31.95,32.5,31.6,32.0,306200
2007-04-17,32.0,32.15,31.25,31.25,281300
2007-04-18,31.5,31.9,31.2,31.9,207800
2007-04-19,31.2,31.45,30.8,31.25,278600
2007-04-20,31.75,31.8,30.25,30.5,323100
2007-04-23,30.35,30.85,30.35,30.8,190100
2007-04-24,30.25,30.45,28.95,29.05,376900
2007-04-25,29.5,30.05,29.2,29.75,155300
2007-04-26,29.25,29.3,28.5,28.75,223000
2007-04-27,29.15,29.45,28.95,29.45,244100
2007-04-30,29.5,30.0,29.0,29.5,309200
2007-05-01,28.65,28.95,28.15,28.6,266400
2007-05-02,28.1,29.25,28.0,29.0,266400
2007-05-03,29.45,30.0,29.15,29.8,210200
2007-05-04,30.3,31.45,30.15,30.9,329100
2007-05-07,31.3,31.35,30.3,30.6,223500
2007-05-08,30.25,30.3,29.45,29.55,212000
2007-05-09,29.55,30.3,29.45,29.95,161600
2007-05-10,29.35,29.75,28.85,29.05,231000
2007-05-11,29.25,29.45,29.0,29.2,132900
2007-05-14,29.35,29.45,28.0,28.75,301200
2007-05-15,28.6,28.85,28.0,28.3,242500
2007-05-16,28.15,28.3,27.3,27.95,216200
2007-05-17,27.95,28.15,27.4,27.75,393200
2007-05-18,28.05,29.15,27.85,29.05,256000
2007-05-21,28.55,30.1,28.25,28.5,234700
2007-05-22,29.1,29.25,28.05,28.25,122600
2007-05-23,28.7,29.0,28.55,28.85,171400
2007-05-24,28.7,28.8,27.0,27.4,411800
2007-05-25,27.8,28.25,27.6,28.0,222100
2007-05-29,28.35,28.75,27.95,28.1,402900
2007-05-30,27.7,28.0,27.2,27.35,445900
2007-05-31,27.85,28.8,27.8,28.5,353800
2007-06-01,29.3,30.4,29.3,29.9,586300
2007-06-04,29.9,30.5,29.65,30.2,197700
2007-06-05,30.1,30.55,29.7,30.5,299000
2007-06-06,30.2,30.6,29.65,30.3,178200
2007-06-07,29.55,30.3,28.4,29.05,286100
2007-06-08,28.75,29.2,27.7,27.9,383600
2007-06-11,28.2,28.6,27.9,28.2,267100
2007-06-12,27.85,28.1,27.6,28.0,145600
2007-06-13,27.9,28.3,27.75,27.95,157400
2007-06-14,28.1,28.75,27.7,28.6,163700
2007-06-15,29.0,29.25,28.5,28.5,167200
2007-06-18,29.1,29.3,28.75,29.0,139100
2007-06-19,29.0,30.3,28.7,30.0,241500
2007-06-20,29.9,30.45,29.75,29.9,133700
2007-06-21,29.8,29.85,29.0,29.65,275900
2007-06-22,29.65,30.2,29.5,29.9,188300
2007-06-25,29.65,30.0,29.3,29.4,131700
2007-06-26,29.3,29.3,27.85,28.4,334100
2007-06-27,28.1,28.9,28.1,28.75,127900
2007-06-28,29.2,30.75,29.2,29.6,242300
2007-06-29,29.9,30.2,29.15,29.15,181100
2007-07-02,29.65,32.0,29.65,31.45,278000
2007-07-03,30.7,32.0,30.2,31.9,235900
2007-07-05,32.75,34.0,32.5,33.7,473600
2007-07-06,33.4,35.5,33.3,34.75,442100
2007-07-09,35.4,35.8,34.05,34.15,440500
2007-07-10,33.75,34.55,33.65,34.1,229900
2007-07-11,33.65,34.55,33.45,34.4,241700
2007-07-12,26.5,27.05,21.7,25.9,2378100
2007-07-13,25.6,26.0,24.75,25.1,825700
2007-07-16,24.5,25.15,23.0,23.8,731800
2007-07-17,23.55,23.95,22.65,23.1,480600
2007-07-18,22.55,23.85,22.25,23.45,410800
2007-07-19,23.75,25.0,23.75,24.45,473700
2007-07-20,24.95,25.25,24.55,24.8,283900
2007-07-23,24.85,24.85,23.8,24.05,307300
2007-07-24,24.3,24.45,23.5,23.9,234600
2007-07-25,23.45,23.7,22.75,23.7,326100
2007-07-26,22.5,23.1,21.85,22.65,426400
2007-07-27,22.0,22.45,21.55,21.8,362600
2007-07-30,21.5,22.35,21.3,22.0,246900
2007-07-31,22.4,23.7,21.8,22.85,419800
2007-08-01,22.65,23.15,21.75,22.15,225900
2007-08-02,22.5,22.85,22.4,22.85,225100
2007-08-03,24.05,24.45,23.45,23.95,479700
2007-08-06,24.95,25.0,23.0,24.55,276700
2007-08-07,24.35,24.7,23.9,24.65,236700
2007-08-08,25.2,25.85,24.95,25.8,660900
2007-08-09,24.45,26.05,23.8,25.75,339000
2007-08-10,26.1,27.15,25.8,26.85,355300
2007-08-13,27.25,27.25,25.5,25.95,227600
2007-08-14,25.8,26.0,24.65,24.95,258900
2007-08-15,24.0,24.15,22.6,23.15,402500
2007-08-16,22.3,22.6,16.25,20.9,780200
2007-08-17,22.9,23.4,21.25,22.05,367800
2007-08-20,22.85,24.1,22.5,24.1,307400
2007-08-21,24.1,24.95,23.9,24.1,266800
2007-08-22,24.75,24.9,24.35,24.5,241300
2007-08-23,25.15,25.3,24.25,24.8,284300
2007-08-24,24.9,24.95,24.4,24.4,228700
2007-08-27,24.5,25.15,24.25,24.9,159700
2007-08-28,24.75,24.9,24.15,24.45,162500
2007-08-29,24.5,24.85,24.3,24.75,209500
2007-08-30,24.3,24.7,23.95,23.95,131100
2007-08-31,24.9,25.25,24.6,24.85,326900
2007-09-04,25.2,26.2,25.0,25.8,262900
2007-09-05,25.7,26.05,25.25,26.0,172000
2007-09-06,26.5,27.35,26.25,27.0,482400
2007-09-07,27.65,27.85,26.4,26.75,424700
2007-09-10,26.8,27.35,26.55,27.15,191800
2007-09-11,27.2,28.65,27.1,28.4,334300
2007-09-12,28.15,28.35,27.8,28.0,223500
2007-09-13,27.25,28.0,27.25,27.5,170400
2007-09-14,27.8,28.2,27.4,27.9,195100
2007-09-17,28.2,28.3,27.1,27.35,215200
2007-09-18,27.4,28.6,26.8,28.4,344800
2007-09-19,28.9,29.5,28.6,29.35,306300
2007-09-20,30.65,31.05,30.15,30.55,465700
2007-09-21,30.95,31.0,29.65,30.5,369500
2007-09-24,30.05,30.2,29.25,29.55,260900
2007-09-25,29.2,29.9,28.9,29.85,212500
2007-09-26,29.85,30.35,29.05,29.5,236700
2007-09-27,29.75,30.1,29.5,29.75,202700
2007-09-28,30.5,31.2,30.25,30.25,314700
2007-10-01,30.6,31.8,30.6,31.2,244500
2007-10-02,30.5,30.7,29.75,30.55,357100
2007-10-03,30.6,30.6,29.8,29.8,249000
2007-10-04,29.5,30.3,29.05,29.85,268300
2007-10-05,29.8,31.25,29.8,31.0,326500
2007-10-08,30.75,30.85,29.9,30.35,135700
2007-10-09,31.2,32.35,30.7,32.05,308800
2007-10-10,32.85,33.75,32.45,33.7,389700
2007-10-11,34.25,35.15,32.15,34.25,654400
2007-10-12,34.0,34.5,32.75,33.2,387200
2007-10-15,34.05,34.85,33.75,34.85,462500
2007-10-16,34.9,34.95,33.45,33.65,500800
2007-10-17,34.25,34.9,33.5,34.0,429900
2007-10-18,34.2,34.4,33.85,34.1,283500
2007-10-19,34.7,34.7,33.4,33.9,308300
2007-10-22,31.75,32.65,31.2,31.6,487500
2007-10-23,32.6,33.05,31.95,32.75,338900
2007-10-24,32.7,33.75,32.1,33.55,253500
2007-10-25,34.25,34.45,33.5,33.5,273800
2007-10-26,34.1,34.4,33.45,33.85,246200
2007-10-29,34.25,35.2,33.9,35.15,278900
2007-10-30,34.4,34.65,33.85,34.05,189500
2007-10-31,34.85,35.3,34.25,34.7,382500
2007-11-01,33.75,33.85,32.4,32.6,442400
2007-11-02,33.75,33.75,32.65,32.9,393000
2007-11-05,34.65,34.65,31.15,31.85,377600
2007-11-06,33.75,33.75,32.3,33.05,313200
2007-11-07,33.45,34.0,31.4,31.4,366900
2007-11-08,31.5,32.25,29.75,31.15,478600
2007-11-09,30.2,30.6,29.3,30.2,370300
2007-11-12,28.55,29.15,27.35,27.7,345200
2007-11-13,27.25,28.7,27.25,28.7,237200
2007-11-14,29.6,30.25,28.2,28.2,214400
2007-11-15,27.5,27.9,27.2,27.6,245200
2007-11-16,27.65,28.85,26.55,28.65,272700
2007-11-19,29.0,29.0,27.1,27.35,217700
2007-11-20,27.25,28.8,27.0,28.4,245000
2007-11-21,28.65,28.75,27.65,27.9,190400
2007-11-23,28.8,30.45,28.8,30.3,178300
2007-11-26,30.3,31.45,28.95,29.2,399800
2007-11-27,28.85,29.25,27.85,28.75,244900
2007-11-28,28.4,30.25,28.05,30.15,297900
2007-11-29,29.6,30.15,29.1,29.45,147000
2007-11-30,29.45,29.5,28.65,29.1,237300
2007-12-03,28.25,29.25,28.25,29.05,117700
2007-12-04,29.25,29.25,28.55,29.0,224800
2007-12-05,28.75,29.0,28.1,28.4,152000
2007-12-06,28.15,29.25,28.1,28.95,247400
2007-12-07,29.1,29.75,28.85,29.7,158100
2007-12-10,29.4,30.1,29.2,29.2,174700
2007-12-11,29.3,29.55,27.85,28.4,178500
2007-12-12,28.6,29.35,27.9,28.35,192200
2007-12-13,27.55,28.05,27.0,27.55,201400
2007-12-14,27.35,27.6,26.7,26.7,175700
2007-12-17,26.75,27.55,25.65,25.95,277900
2007-12-18,27.15,27.15,25.8,26.7,271100
2007-12-19,27.1,27.5,26.25,27.5,162800
2007-12-20,27.25,27.5,26.8,27.2,160000
2007-12-21,27.25,29.15,27.25,29.15,323600
2007-12-24,28.8,29.15,28.4,28.6,85600
2007-12-26,28.9,29.4,28.1,28.1,143200
2007-12-27,28.1,29.5,28.1,29.2,217500
2007-12-28,29.35,30.6,29.35,30.1,157300
2007-12-31,30.0,30.05,28.55,29.0,127400
2008-01-02,29.85,31.45,29.55,31.0,328400
2008-01-03,31.45,32.15,31.0,31.4,311000
2008-01-04,31.65,32.5,31.15,32.4,251900
2008-01-07,32.4,32.4,30.8,31.1,189400
2008-01-08,32.05,32.7,31.4,31.55,335400
2008-01-09,31.95,32.8,31.4,32.8,333100
2008-01-10,32.85,34.4,32.15,34.2,313500
2008-01-11,33.25,34.55,33.25,33.75,262100
2008-01-14,34.75,35.0,32.4,33.15,334800
2008-01-15,32.75,33.15,31.15,31.5,516400
2008-01-16,31.05,31.2,28.7,29.9,522400
2008-01-17,30.9,30.9,28.9,29.85,313700
2008-01-18,30.85,30.85,29.1,29.8,397900
2008-01-22,28.0,31.3,27.5,31.3,395200
2008-01-23,29.45,31.1,28.9,29.95,450600
2008-01-24,30.9,32.1,30.9,31.55,438600
2008-01-25,32.45,33.1,31.25,31.35,320100
2008-01-28,32.1,32.65,31.25,31.9,272800
2008-01-29,31.9,32.45,31.7,32.05,214000
2008-01-30,32.3,33.4,31.7,32.6,313900
2008-01-31,32.1,32.9,31.5,32.65,243200
2008-02-01,32.4,33.25,31.9,32.1,227300
2008-02-04,31.85,31.85,30.6,31.0,243100
2008-02-05,30.25,30.5,29.6,30.1,194800
2008-02-06,30.7,31.2,30.0,30.25,347800
2008-02-07,29.6,30.35,29.55,29.85,209200
2008-02-08,30.0,30.85,30.0,30.2,178800
2008-02-11,30.75,30.75,29.75,30.05,215600
2008-02-12,30.9,31.15,28.45,29.05,679600
2008-02-13,29.05,29.7,28.6,29.25,236100
2008-02-14,29.5,29.7,28.95,29.3,170200
2008-02-15,29.2,30.15,29.1,29.5,171100
2008-02-19,30.65,30.75,29.25,29.5,329700
2008-02-20,29.3,30.15,28.55,30.0,225900
2008-02-21,30.7,30.75,29.55,29.8,282300
2008-02-22,29.55,30.35,29.4,30.25,189600
2008-02-25,29.8,30.7,29.7,30.15,204600
2008-02-26,30.15,30.6,30.1,30.35,231600
2008-02-27,30.9,32.25,30.65,31.5,410300
2008-02-28,32.15,34.75,32.15,34.15,457100
2008-02-29,34.6,35.15,33.95,35.0,477600
2008-03-03,35.3,35.4,34.4,34.95,310000
2008-03-04,34.4,35.0,32.65,33.0,423100
2008-03-05,33.25,34.4,33.05,33.65,385700
2008-03-06,33.9,38.25,33.15,38.2,1014200
2008-03-07,39.35,39.4,36.2,37.0,778900
2008-03-10,36.05,36.35,34.2,35.0,511100
2008-03-11,35.8,35.9,34.2,34.2,393700
2008-03-12,35.35,35.75,34.55,35.35,268100
2008-03-13,36.05,36.85,35.55,36.35,440000
2008-03-14,37.35,37.9,36.5,37.5,407300
2008-03-17,37.75,37.95,35.95,37.0,453000
2008-03-18,36.9,38.4,36.9,37.5,730500
2008-03-19,36.45,36.8,33.95,34.2,933200
2008-03-20,32.25,34.25,31.05,32.6,1259600
2008-03-24,32.7,33.5,32.05,32.3,517700
2008-03-25,33.45,34.7,32.75,34.5,390700
2008-03-26,34.8,35.0,33.6,33.95,560000
2008-03-27,34.0,34.4,32.8,33.1,321900
2008-03-28,33.65,35.0,32.65,35.0,505400
2008-03-31,35.0,38.15,34.05,34.1,402700
2008-04-01,33.35,34.15,32.55,33.65,289800
2008-04-02,33.75,35.45,33.7,35.25,367100
2008-04-03,35.5,36.75,33.75,36.25,325500
2008-04-04,36.75,37.1,35.45,35.8,402600
2008-04-07,36.0,37.2,36.0,36.6,361200
2008-04-08,35.1,37.4,35.1,36.95,395800
2008-04-09,37.0,37.35,36.1,37.0,257200
2008-04-10,37.2,37.8,36.5,36.9,486900
2008-04-11,36.8,36.9,35.75,36.05,264000
2008-04-14,36.4,36.55,35.75,36.4,222000
2008-04-15,36.8,36.8,36.25,36.7,133700
2008-04-16,36.95,38.8,36.95,38.35,437100
2008-04-17,38.5,38.5,37.55,38.25,224700
2008-04-18,37.05,37.35,36.4,37.15,351500
2008-04-21,37.15,37.15,35.3,36.2,329600
2008-04-22,35.7,37.1,35.4,36.5,303200
2008-04-23,36.15,36.35,34.55,34.9,490300
2008-04-24,34.3,34.4,32.65,32.85,429500
2008-04-25,33.1,33.95,32.9,33.05,306300
2008-04-28,33.65,34.95,33.5,33.5,367200
2008-04-29,32.9,33.25,32.0,32.45,333100
2008-04-30,32.1,34.3,32.1,33.8,346500
2008-05-01,33.55,34.25,32.35,33.85,307700
2008-05-02,33.8,34.65,33.0,33.0,251800
2008-05-05,33.4,34.65,33.4,33.8,327100
2008-05-06,34.1,35.6,34.1,35.6,259800
2008-05-07,35.05,35.9,33.05,35.5,347000
2008-05-08,35.8,36.1,35.25,36.05,214900
2008-05-09,36.3,37.2,35.5,37.2,278900
2008-05-12,36.55,37.15,36.2,36.6,158400
2008-05-13,36.2,36.3,35.0,36.0,193600
2008-05-14,35.75,36.45,35.15,35.3,171100
2008-05-15,35.6,37.35,35.6,37.0,261300
2008-05-16,37.65,38.6,37.25,38.3,379000
2008-05-19,39.35,39.95,37.75,38.75,448800
2008-05-20,38.75,40.0,38.6,39.5,304300
2008-05-21,40.15,42.4,39.8,41.6,458400
2008-05-22,41.8,42.45,39.75,40.8,402600
2008-05-23,40.85,41.8,40.35,41.0,221600
2008-05-27,40.75,40.75,39.95,40.25,217900
2008-05-28,39.55,40.85,39.1,40.1,244000
2008-05-29,39.6,40.75,39.25,39.4,346500
2008-05-30,39.95,40.5,38.85,40.45,202000
2008-06-02,41.9,42.6,40.0,42.35,348500
2008-06-03,41.05,42.25,41.05,41.4,295900
2008-06-04,41.2,42.95,41.05,41.35,353800
2008-06-05,40.9,42.65,40.5,42.15,253500
2008-06-06,42.5,43.45,42.25,43.25,361200
2008-06-09,43.45,43.5,42.2,43.5,215700
2008-06-10,42.45,43.1,41.1,41.45,409700
2008-06-11,41.9,42.4,41.5,41.5,181300
2008-06-12,41.05,41.5,40.45,40.75,235400
2008-06-13,40.45,40.75,39.65,40.3,215300
2008-06-16,41.2,41.8,40.95,41.15,216900
2008-06-17,41.65,42.5,40.5,41.55,210600
2008-06-18,41.2,42.0,41.0,41.95,250500
2008-06-19,42.0,42.45,40.4,40.4,474100
2008-06-20,40.5,41.05,38.4,38.8,734800
2008-06-23,38.35,40.65,37.5,40.65,378000
2008-06-24,40.8,40.9,37.4,38.85,306500
2008-06-25,38.55,38.55,35.25,36.25,567300
2008-06-26,37.25,40.3,36.8,40.15,768100
2008-06-27,40.9,43.75,40.35,42.65,1082900
2008-06-30,42.95,43.85,40.7,43.25,523700
2008-07-01,43.5,46.7,43.4,46.0,452100
2008-07-02,44.65,44.75,42.2,42.55,706400
2008-07-03,42.5,42.5,39.3,39.8,482500
2008-07-07,40.25,40.25,38.75,39.25,383800
2008-07-08,38.85,39.75,38.05,39.15,367200
2008-07-09,40.0,41.45,39.25,39.55,269500
2008-07-10,40.7,41.85,40.15,41.15,372500
2008-07-11,42.45,43.35,41.4,42.8,487300
2008-07-14,43.1,43.7,41.85,43.65,270200
2008-07-15,44.0,44.25,40.75,41.6,432000
2008-07-16,41.75,42.15,40.35,40.75,313100
2008-07-17,40.15,42.75,39.3,39.75,486900
2008-07-18,39.55,40.15,38.8,39.55,234600
2008-07-21,40.0,40.75,39.6,40.4,214800
2008-07-22,40.65,40.75,39.3,39.7,334600
2008-07-23,39.0,39.7,36.45,37.4,533900
2008-07-24,37.1,39.3,37.1,38.6,367900
2008-07-25,39.35,39.6,37.8,39.4,313200
2008-07-28,39.95,39.95,38.75,39.6,218100
2008-07-29,38.95,39.6,38.2,38.7,230800
2008-07-30,37.75,39.4,37.25,39.05,422300
2008-07-31,39.75,40.95,39.4,40.75,291700
2008-08-01,39.75,42.75,39.7,42.4,526900
2008-08-04,42.15,44.85,40.65,41.55,507300
2008-08-05,39.0,40.55,37.4,37.7,648800
2008-08-06,38.0,40.2,38.0,39.0,385100
2008-08-07,39.35,39.6,37.85,38.75,287700
2008-08-08,38.25,38.85,36.05,36.6,388300
2008-08-11,36.5,37.1,33.35,33.75,704600
2008-08-12,33.5,36.95,33.5,36.8,517300
2008-08-13,37.65,38.0,36.35,37.0,534900
2008-08-14,36.0,38.15,36.0,36.45,265300
2008-08-15,35.5,36.15,34.1,35.1,340300
2008-08-18,35.45,36.3,34.95,34.95,265900
2008-08-19,34.1,37.8,33.75,37.35,375800
2008-08-20,38.05,38.35,36.2,36.65,472700
2008-08-21,37.95,40.1,37.7,39.65,436300
2008-08-22,39.6,40.45,38.4,39.0,324200
2008-08-25,38.95,40.0,38.5,39.15,239800
2008-08-26,38.75,40.25,37.7,39.6,205800
2008-08-27,39.95,40.75,38.9,39.05,226500
2008-08-28,40.65,40.65,38.7,39.35,286600
2008-08-29,39.25,39.8,38.95,39.65,191100
2008-09-02,37.85,39.3,36.55,39.15,575700
2008-09-03,38.65,39.25,34.8,35.5,576700
2008-09-04,35.25,36.1,32.75,33.55,582900
2008-09-05,33.85,34.15,31.25,33.15,520300
2008-09-08,33.9,33.9,30.05,30.35,453500
2008-09-09,28.9,29.75,27.0,27.6,860700
2008-09-10,27.3,29.7,27.25,29.1,520300
2008-09-11,28.3,29.7,27.05,28.35,503400
2008-09-12,29.15,31.65,29.15,31.5,571700
2008-09-15,32.45,32.75,29.65,29.95,715100
2008-09-16,29.95,31.35,28.4,31.0,507100
2008-09-17,31.7,36.15,30.65,35.4,911800
2008-09-18,37.15,39.0,31.25,32.45,1395700
2008-09-19,32.35,35.9,32.35,34.45,1410500
2008-09-22,35.0,38.6,34.75,38.6,823400
2008-09-23,38.25,38.55,36.25,36.9,506100
2008-09-24,37.5,38.1,36.5,36.85,269800
2008-09-25,37.0,37.5,35.75,35.85,345100
2008-09-26,37.1,37.7,33.6,33.85,437500
2008-09-29,33.1,34.65,31.25,32.85,566700
2008-09-30,33.7,33.7,31.2,31.3,287100
2008-10-01,30.9,33.2,30.85,31.65,425300
2008-10-02,30.45,30.45,26.35,26.35,569500
2008-10-03,25.5,29.0,25.5,26.75,474000
2008-10-06,27.25,29.0,24.0,25.7,605700
2008-10-07,26.6,27.25,25.2,25.8,476800
2008-10-08,27.05,30.5,26.55,29.95,694600
2008-10-09,29.65,29.75,27.45,29.5,480200
2008-10-10,28.8,29.55,20.55,21.55,742000
2008-10-13,22.5,23.9,21.55,22.65,355300
2008-10-14,25.0,25.0,22.4,23.15,420000
2008-10-15,23.25,24.0,21.95,23.0,519600
2008-10-16,22.25,23.0,18.75,18.9,836200
2008-10-17,17.15,19.0,16.7,18.25,738000
2008-10-20,18.65,19.95,17.6,19.25,474500
2008-10-21,18.25,18.95,17.15,17.75,389200
2008-10-22,17.05,17.45,14.85,15.0,460300
2008-10-23,13.45,16.8,13.4,14.6,714000
2008-10-24,13.0,16.5,11.9,16.05,393100
2008-10-27,15.55,16.65,14.1,14.1,316000
2008-10-28,15.1,17.0,14.45,16.9,292100
2008-10-29,17.7,22.75,17.7,22.1,630000
2008-10-30,23.35,23.7,20.0,21.5,623400
2008-10-31,21.15,21.8,20.35,21.25,252300
2008-11-03,21.05,22.4,20.55,20.85,305800
2008-11-04,22.85,25.85,22.45,25.75,417700
2008-11-05,25.5,28.0,24.25,25.3,478300
2008-11-06,25.6,26.95,22.2,22.6,563900
2008-11-07,23.35,24.7,22.9,24.6,328400
2008-11-10,26.0,27.4,25.1,26.4,284900
2008-11-11,25.1,25.3,22.3,23.4,333700
2008-11-12,22.15,22.15,20.15,20.35,268300
2008-11-13,21.25,24.3,18.3,23.95,527700
2008-11-14,23.95,25.5,21.6,22.4,509900
2008-11-17,22.0,24.35,21.5,23.25,412300
2008-11-18,24.5,24.5,21.9,22.65,317900
2008-11-19,23.1,24.5,20.9,20.9,391000
2008-11-20,21.25,22.75,19.4,21.3,532200
2008-11-21,23.0,26.1,22.5,26.1,763300
2008-11-24,26.4,28.55,25.45,25.8,618900
2008-11-25,26.4,27.6,25.0,27.15,465300
2008-11-26,26.95,28.25,26.35,28.25,355700
2008-11-28,28.3,29.75,27.35,28.5,111800
2008-12-01,27.8,29.5,23.55,24.0,420000
2008-12-02,25.05,25.75,24.55,25.55,283600
2008-12-03,24.5,26.0,23.8,25.6,341800
2008-12-04,24.95,26.3,23.05,24.05,355700
2008-12-05,22.6,24.25,21.05,24.2,463100
2008-12-08,25.75,26.75,24.35,24.75,384600
2008-12-09,24.5,27.65,24.1,26.65,498300
2008-12-10,28.0,31.45,28.0,30.65,651800
2008-12-11,32.25,33.25,28.7,29.4,605000
2008-12-12,28.45,32.5,27.5,31.9,464400
2008-12-15,32.75,35.05,32.3,33.2,630200
2008-12-16,36.55,37.0,32.4,36.55,504400
2008-12-17,37.65,41.15,34.45,34.45,1367700
2008-12-18,34.9,36.95,32.55,33.65,1101100
2008-12-19,31.9,35.9,31.35,33.3,1578600
2008-12-22,34.5,36.3,33.0,33.75,419200
2008-12-23,33.75,35.4,33.5,34.55,245500
2008-12-24,35.0,35.7,33.9,34.85,94000
2008-12-26,34.9,37.95,34.7,36.8,184900
2008-12-29,37.05,39.6,36.1,39.0,356600
2008-12-30,38.45,39.7,37.55,39.05,247000
2008-12-31,39.05,39.8,37.55,39.75,246200
2009-01-02,39.0,40.45,36.9,37.35,340300
2009-01-05,35.25,36.5,34.5,35.35,419000
2009-01-06,35.75,37.45,34.55,37.35,398400
2009-01-07,37.2,37.2,33.65,34.2,320600
2009-01-08,35.7,38.3,35.05,37.85,626700
2009-01-09,37.65,40.1,36.5,38.45,674700
2009-01-12,36.95,36.95,34.65,35.2,381000
2009-01-13,35.0,36.95,34.55,36.5,378100
2009-01-14,35.35,36.9,34.4,34.6,399100
2009-01-15,34.4,35.3,32.2,34.75,548900
2009-01-16,36.4,37.1,33.55,36.65,667300
2009-01-20,36.5,38.1,34.25,36.8,591900
2009-01-21,37.95,38.05,35.9,37.05,428200
2009-01-22,36.5,37.05,35.45,35.65,461700
2009-01-23,36.85,40.0,35.65,39.9,768900
2009-01-26,40.25,42.45,39.3,40.45,931300
2009-01-27,39.6,39.6,38.5,38.55,512100
2009-01-28,38.85,39.3,35.85,36.4,653300
2009-01-29,35.95,38.95,35.0,38.55,929000
2009-01-30,39.8,40.2,37.6,38.75,632500
2009-02-02,37.2,38.75,36.5,37.75,433200
2009-02-03,38.5,39.6,38.0,38.4,580300
2009-02-04,39.6,40.65,39.15,39.8,517300
2009-02-05,40.75,41.0,39.15,39.7,412500
2009-02-06,39.65,41.55,38.85,40.6,393900
2009-02-09,40.05,41.0,39.9,40.75,348700
2009-02-10,41.05,42.4,39.75,40.15,540400
2009-02-11,41.1,42.95,40.55,42.6,623800
2009-02-12,42.85,43.35,41.6,43.05,529100
2009-02-13,42.5,43.0,41.75,42.3,387100
2009-02-17,43.6,45.35,42.65,44.3,810900
2009-02-18,43.6,45.2,41.95,43.45,592000
2009-02-19,43.3,44.2,42.35,42.7,632900
2009-02-20,43.55,45.25,43.2,45.1,857000
2009-02-23,45.0,47.6,43.35,46.7,798200
2009-02-24,46.25,46.25,40.75,40.95,580300
2009-02-25,41.5,42.5,39.05,39.7,750400
2009-02-26,40.0,42.65,39.15,41.65,637500
2009-02-27,43.45,43.45,40.0,41.25,634200
2009-03-02,42.25,42.25,38.8,38.95,597800
2009-03-03,39.0,41.45,37.6,40.65,588300
2009-03-04,41.45,42.45,40.05,40.75,488700
2009-03-05,41.2,43.8,40.8,43.2,622100
2009-03-06,44.3,44.3,41.4,41.55,489400
2009-03-09,41.65,41.65,39.9,40.55,342600
2009-03-10,40.3,40.55,35.5,36.45,758500
2009-03-11,36.75,37.6,35.35,35.4,679400
2009-03-12,36.7,37.8,36.3,37.8,342400
2009-03-13,38.7,39.6,37.45,38.3,323800
2009-03-16,37.5,38.75,37.0,37.6,257100
2009-03-17,36.7,37.1,35.25,35.85,296600
2009-03-18,35.4,40.6,34.5,40.6,822100
2009-03-19,42.25,44.9,41.9,43.9,895700
2009-03-20,42.7,43.2,40.85,40.85,811600
2009-03-23,41.35,43.7,40.85,42.75,773100
2009-03-24,42.4,44.9,41.0,43.85,1018200
2009-03-25,44.6,46.3,43.75,46.3,916700
2009-03-26,48.45,48.5,45.15,45.5,1005100
2009-03-27,45.25,45.85,44.55,45.75,486000
2009-03-30,45.7,46.35,43.1,44.05,653500
2009-03-31,44.85,45.8,43.55,45.0,606200
2009-04-01,45.1,46.0,44.55,45.7,773100
2009-04-02,44.5,44.75,42.8,44.75,959200
2009-04-03,44.75,44.8,40.3,40.9,741100
2009-04-06,39.5,40.25,38.4,39.0,815000
2009-04-07,39.25,40.0,38.15,38.15,564600
2009-04-08,38.65,39.5,37.6,38.9,613500
2009-04-09,39.7,39.7,37.4,37.7,659200
2009-04-13,39.4,40.1,38.85,39.35,624900
2009-04-14,39.45,39.45,37.9,38.1,414400
2009-04-15,39.2,39.95,38.85,39.5,517900
2009-04-16,39.4,39.4,37.25,37.7,550400
2009-04-17,37.45,37.8,35.75,36.1,712400
2009-04-20,37.0,38.65,36.6,38.0,779100
2009-04-21,39.0,39.4,35.8,37.25,269300
2009-04-22,37.2,38.45,36.4,36.45,500300
2009-04-23,37.2,40.1,37.0,38.75,680400
2009-04-24,39.7,41.7,39.55,40.9,678900
2009-04-27,40.85,42.35,40.8,41.75,558900
2009-04-28,40.7,41.45,40.0,41.35,423500
2009-04-29,42.1,42.6,41.15,41.3,450600
2009-04-30,40.7,41.7,39.5,40.0,573700
2009-05-01,40.05,41.0,39.65,40.0,217100
2009-05-04,40.8,43.05,40.8,43.05,489300
2009-05-05,44.15,44.3,41.45,42.0,513200
2009-05-06,42.85,43.95,42.75,43.95,428600
2009-05-07,44.9,45.0,42.3,43.1,453500
2009-05-08,42.4,42.9,41.4,42.45,500200
2009-05-11,41.65,42.0,40.0,41.7,569700
2009-05-12,42.0,43.75,41.3,42.65,733400
2009-05-13,42.05,42.8,40.35,40.7,610500
2009-05-14,40.95,42.25,39.6,41.2,461300
2009-05-15,41.75,42.25,40.45,41.55,411300
2009-05-18,41.6,42.2,40.15,41.6,363100
2009-05-19,42.1,42.5,41.4,41.6,467000
2009-05-20,42.4,46.1,42.4,46.1,1207900
2009-05-21,45.8,46.4,43.6,46.0,816900
2009-05-22,47.2,48.7,46.65,47.0,714400
2009-05-26,46.45,47.2,44.55,46.15,541500
2009-05-27,46.4,47.25,45.25,45.6,493300
2009-05-28,45.9,48.75,45.9,48.65,781500
2009-05-29,50.55,52.1,49.55,49.6,995100
2009-06-01,50.7,51.75,47.75,48.45,860900
2009-06-02,48.95,51.0,48.6,50.65,649600
2009-06-03,49.95,50.05,46.15,47.7,676800
2009-06-04,48.25,48.9,46.75,47.6,655700
2009-06-05,46.5,47.1,44.9,46.2,639800
2009-06-08,45.1,46.35,44.4,46.35,458400
2009-06-09,47.4,47.65,45.65,46.1,430600
2009-06-10,46.75,47.0,44.9,45.65,423800
2009-06-11,45.45,47.1,44.8,45.75,435100
2009-06-12,44.7,45.15,43.4,43.95,631700
2009-06-15,43.2,43.8,40.95,41.4,509500
2009-06-16,43.0,43.25,41.65,42.55,517400
2009-06-17,42.25,43.95,41.5,43.25,539600
2009-06-18,43.4,43.85,39.85,39.85,1422400
2009-06-19,40.5,42.65,40.05,41.0,1911100
2009-06-22,40.7,40.7,38.25,38.25,906900
2009-06-23,39.25,40.7,38.4,40.35,667600
2009-06-24,41.45,42.9,40.75,42.55,985700
2009-06-25,43.15,46.95,43.0,46.95,1165300
2009-06-26,47.25,47.75,46.15,47.0,856300
2009-06-29,46.9,48.1,46.9,47.25,698900
2009-06-30,47.1,47.4,44.55,44.75,574600
2009-07-01,46.55,47.2,45.55,45.85,480600
2009-07-02,44.75,46.75,44.1,46.25,509700
2009-07-06,44.75,44.75,42.95,43.75,471200
2009-07-07,44.35,44.95,43.35,43.95,295600
2009-07-08,43.65,43.7,40.4,41.55,694900
2009-07-09,42.1,43.3,40.5,40.5,529300
2009-07-10,40.15,41.65,39.7,41.35,545300
2009-07-13,41.05,42.35,39.65,42.35,622400
2009-07-14,42.55,43.75,41.95,43.55,407400
2009-07-15,45.45,45.95,45.0,45.25,380300
2009-07-16,45.25,46.5,44.25,46.0,360800
2009-07-17,46.1,46.6,45.75,46.05,290100
2009-07-20,47.25,48.0,46.65,47.6,484900
2009-07-21,47.75,48.6,47.0,47.8,733300
2009-07-22,47.7,48.25,46.9,47.35,359000
2009-07-23,46.9,47.45,46.25,46.65,506400
2009-07-24,46.45,47.35,45.3,46.35,483400
2009-07-27,46.4,47.55,46.4,46.85,364700
2009-07-28,45.7,46.5,45.15,46.0,346900
2009-07-29,45.6,47.45,45.6,46.5,419700
2009-07-30,46.95,47.6,46.85,46.85,454700
2009-07-31,47.2,50.1,47.15,50.0,552700
2009-08-03,51.0,52.3,49.9,50.05,554300
2009-08-04,50.75,53.9,50.65,52.35,686100
2009-08-05,52.0,53.75,51.7,53.4,642100
2009-08-06,53.3,54.55,52.7,54.4,633300
2009-08-07,54.5,54.55,52.75,53.45,497900
2009-08-10,52.1,53.4,51.7,52.8,484200
2009-08-11,51.6,53.15,51.5,52.1,397300
2009-08-12,51.95,52.9,51.1,52.05,404400
2009-08-13,54.15,56.95,53.8,56.25,1291400
2009-08-14,56.55,56.85,53.85,55.0,626800
2009-08-17,52.5,52.7,50.5,51.15,609700
2009-08-18,51.85,53.0,51.5,52.65,410600
2009-08-19,51.55,53.55,51.0,52.9,438100
2009-08-20,52.75,53.75,52.3,53.3,231100
2009-08-21,54.7,56.35,54.2,55.1,440000
2009-08-24,55.25,56.4,54.0,54.45,462400
2009-08-25,55.65,56.15,54.45,55.1,449300
2009-08-26,53.75,53.85,51.25,51.85,1117600
2009-08-27,53.15,54.65,51.65,54.15,979800
2009-08-28,54.7,54.8,52.65,52.8,809200
2009-08-31,51.5,51.95,50.95,51.45,550800
2009-09-01,51.15,51.25,48.7,49.1,1040000
2009-09-02,49.9,53.9,49.6,53.6,1742800
2009-09-03,53.35,57.1,52.5,55.55,2394100
2009-09-04,55.5,56.6,54.5,56.05,1399800
2009-09-08,59.4,59.65,55.75,56.1,1515500
2009-09-09,56.9,57.65,54.6,55.3,1178200
2009-09-10,55.0,58.0,54.95,57.35,1269600
2009-09-11,59.5,60.35,58.5,59.5,1692800
2009-09-14,58.1,58.15,56.8,57.45,1024200
2009-09-15,57.0,59.7,56.95,58.55,1661900
2009-09-16,61.0,61.2,60.1,60.95,1206900
2009-09-17,60.9,61.4,58.95,59.85,1554000
2009-09-18,59.9,60.35,57.55,58.5,1406100
2009-09-21,56.75,57.5,49.55,57.4,978100
2009-09-22,59.5,60.15,58.9,59.05,875500
2009-09-23,59.05,59.5,57.0,57.35,968700
2009-09-24,58.1,58.5,53.55,54.9,1184400
2009-09-25,53.1,54.75,52.75,53.6,884300
2009-09-28,53.75,55.75,53.4,53.5,627000
2009-09-29,53.55,55.4,53.55,55.15,838300
2009-09-30,56.9,58.1,55.05,57.0,1569300
2009-10-01,57.0,57.1,52.85,53.7,1161000
2009-10-02,52.55,55.5,52.15,53.0,1083100
2009-10-05,53.5,55.35,53.5,54.65,973300
2009-10-06,57.9,60.8,56.9,60.1,1860800
2009-10-07,60.95,61.15,59.05,60.65,1268000
2009-10-08,61.8,62.1,60.0,60.65,1610400
2009-10-09,59.8,61.25,59.75,60.1,848100
2009-10-12,61.15,62.2,59.85,60.35,757300
2009-10-13,61.45,63.05,60.65,61.55,1142000
2009-10-14,62.5,62.5,60.4,62.0,1171300
2009-10-15,60.5,61.45,59.55,60.2,760900
2009-10-16,59.7,60.8,59.0,60.0,783100
2009-10-19,60.1,60.8,58.6,60.8,871600
2009-10-20,61.2,61.2,59.0,59.9,1117300
2009-10-21,59.5,61.6,59.1,59.55,1267900
2009-10-22,59.4,60.35,58.55,59.5,700100
2009-10-23,60.25,60.7,59.1,59.55,1080400
2009-10-26,59.55,60.95,56.75,57.3,1518900
2009-10-27,57.25,57.5,55.3,55.95,1016600
2009-10-28,55.7,56.95,52.85,53.5,1352500
2009-10-29,54.75,58.1,54.5,57.1,1072300
2009-10-30,56.25,56.4,53.05,55.15,1339700
2009-11-02,57.2,57.85,54.0,55.95,1324700
2009-11-03,55.4,60.55,54.95,60.55,1487600
2009-11-04,61.55,62.35,59.65,60.9,1700500
2009-11-05,61.45,63.2,61.0,62.0,1126100
2009-11-06,62.2,63.75,61.5,61.75,1079800
2009-11-09,64.15,67.7,63.55,65.6,1388400
2009-11-10,65.35,67.5,64.55,66.2,1120000
2009-11-11,68.3,68.55,66.45,66.6,911900
2009-11-12,65.7,66.9,64.05,64.65,843900
2009-11-13,64.9,66.8,64.45,66.15,651100
2009-11-16,67.7,69.45,67.0,68.1,1037900
2009-11-17,67.3,68.65,66.75,68.45,650000
2009-11-18,69.95,70.75,67.3,67.6,876100
2009-11-19,67.0,67.95,64.75,67.6,884200
2009-11-20,66.45,67.35,65.25,67.3,587000
2009-11-23,70.0,70.6,67.7,68.15,858600
2009-11-24,68.7,68.95,67.65,68.9,842400
2009-11-25,69.75,70.4,69.15,70.15,769200
2009-11-27,64.0,68.3,63.9,66.6,985300
2009-11-30,66.65,67.8,65.9,66.2,984400
2009-12-01,68.1,70.35,68.1,69.65,1131400
2009-12-02,70.9,74.1,70.5,71.3,1595200
2009-12-03,70.6,71.55,69.3,69.65,866800
2009-12-04,68.4,68.7,64.45,67.2,1927200
2009-12-07,65.35,67.1,63.75,65.55,1222600
2009-12-08,64.35,65.2,62.4,62.9,1356500
2009-12-09,63.35,65.85,63.3,65.65,1025600
2009-12-10,66.65,67.65,65.75,66.95,1016900
2009-12-11,67.2,67.85,65.05,65.95,880300
2009-12-14,66.9,68.25,66.2,68.1,607100
2009-12-15,68.25,68.25,65.5,66.0,675200
2009-12-16,66.8,69.25,66.6,68.7,1128300
2009-12-17,66.5,66.6,63.75,64.2,1465000
2009-12-18,64.5,68.4,64.15,68.05,1378600
2009-12-21,68.25,68.75,66.15,67.2,1026300
2009-12-22,66.9,68.2,65.8,67.95,846000
2009-12-23,68.45,71.0,68.25,70.35,866200
2009-12-24,71.2,71.35,70.4,70.55,248900
2009-12-28,71.5,72.55,70.35,72.0,643700
2009-12-29,72.05,72.85,70.55,70.8,713800
2009-12-30,69.7,70.1,69.0,69.6,516800
2009-12-31,70.8,71.35,70.5,70.85,348400
2010-01-04,74.2,74.35,73.25,73.45,678600
2010-01-05,74.3,74.4,72.6,74.0,590400
2010-01-06,74.75,76.9,74.2,74.25,1202100
2010-01-07,74.3,74.3,72.35,73.7,765900
2010-01-08,74.25,74.5,71.5,74.15,940200
2010-01-11,76.2,77.0,74.75,75.25,1047400
2010-01-12,74.2,74.95,72.0,72.9,927200
2010-01-13,73.8,74.5,72.25,74.25,646000
2010-01-14,74.95,75.2,73.45,74.5,581700
2010-01-15,73.75,73.9,71.65,72.5,720100
2010-01-19,73.0,73.5,72.35,72.7,628000
2010-01-20,71.55,71.6,68.6,70.1,1061200
2010-01-21,69.5,71.0,66.6,66.6,1234400
2010-01-22,65.65,67.1,64.15,66.2,1559600
2010-01-25,66.6,66.95,64.35,64.65,719500
2010-01-26,63.25,66.5,63.0,65.05,834300
2010-01-27,64.9,65.35,62.5,64.05,967100
2010-01-28,64.5,65.0,59.95,62.3,1945300
2010-01-29,60.75,61.85,58.8,59.2,1331900
2010-02-01,59.5,62.5,59.4,62.45,1130800
2010-02-02,63.2,65.05,62.15,63.45,1323200
2010-02-03,63.2,64.1,61.5,61.85,943300
2010-02-04,60.7,60.7,57.75,58.55,1313200
2010-02-05,57.6,61.75,56.95,61.75,1944300
2010-02-08,60.95,62.4,59.25,59.25,1108100
2010-02-09,60.8,63.45,60.75,62.3,1363600
2010-02-10,62.5,62.75,60.75,61.65,1172800
2010-02-11,62.1,63.8,61.45,63.75,1329400
2010-02-12,62.35,63.55,61.8,63.0,1004200
2010-02-16,65.75,66.85,65.05,65.8,1092700
2010-02-17,65.85,66.75,64.5,65.15,983700
2010-02-18,65.15,66.35,64.7,65.05,890900
2010-02-19,64.3,65.2,62.9,63.95,769600
2010-02-22,64.85,65.5,63.35,63.45,641400
2010-02-23,63.4,63.8,60.55,60.9,798100
2010-02-24,61.1,62.15,59.75,60.0,1169700
2010-02-25,59.2,62.2,58.25,62.2,1454700
2010-02-26,62.65,63.25,61.5,62.85,639100
2010-03-01,63.45,63.8,62.0,63.8,650800
2010-03-02,64.65,65.8,64.0,64.95,807400
2010-03-03,65.95,67.35,65.65,66.35,682100
2010-03-04,66.15,66.4,64.3,65.1,641400
2010-03-05,65.75,66.9,65.45,66.25,525700
2010-03-08,66.9,67.3,65.25,65.75,505700
2010-03-09,64.3,66.0,64.3,65.15,455600
2010-03-10,65.35,66.55,64.15,64.8,711500
2010-03-11,64.35,66.3,63.9,66.3,517700
2010-03-12,66.75,67.4,65.35,66.25,759800
2010-03-15,66.1,66.45,64.8,65.75,601400
2010-03-16,66.7,68.0,66.6,67.9,676100
2010-03-17,67.8,68.7,67.8,68.0,531300
2010-03-18,68.5,69.0,66.25,67.0,624000
2010-03-19,64.1,65.5,63.35,64.1,1323600
2010-03-22,62.2,63.3,61.65,63.1,1065800
2010-03-23,62.65,63.9,61.7,63.3,873300
2010-03-24,61.75,62.0,60.0,60.2,1156600
2010-03-25,60.95,61.2,58.8,58.95,821300
2010-03-26,59.45,60.55,58.35,60.45,692700
2010-03-29,61.3,61.5,60.55,60.8,532300
2010-03-30,60.95,61.15,59.4,59.85,594600
2010-03-31,60.8,61.3,60.15,60.4,531300
2010-04-01,61.5,62.6,60.95,62.55,657800
2010-04-05,62.95,63.5,62.3,63.0,442300
2010-04-06,62.65,64.0,62.45,63.5,603600
2010-04-07,63.95,68.35,63.8,67.95,1596700
2010-04-08,67.6,69.2,66.75,68.85,922900
2010-04-09,69.55,72.15,69.1,70.75,1294600
2010-04-12,70.75,72.6,69.6,70.0,948900
2010-04-13,69.75,70.45,68.05,69.05,788800
2010-04-14,69.95,71.55,68.15,70.9,873400
2010-04-15,70.6,71.5,69.55,69.9,592100
2010-04-16,69.1,69.6,66.1,67.9,1085000
2010-04-19,66.6,68.9,66.6,68.65,639200
2010-04-20,70.0,70.5,68.75,68.8,556300
2010-04-21,69.6,70.3,68.75,69.2,650300
2010-04-22,68.3,69.8,67.5,69.6,631100
2010-04-23,68.85,71.7,68.5,71.15,705800
2010-04-26,71.05,72.3,71.0,71.7,575000
2010-04-27,70.95,73.6,70.75,72.65,1064600
2010-04-28,72.6,75.75,72.1,74.25,1403500
2010-04-29,75.65,76.9,74.75,76.6,998700
2010-04-30,78.15,78.8,76.35,76.4,1222600
2010-05-03,77.75,78.8,75.85,77.7,1397900
2010-05-04,78.05,78.05,74.65,77.5,1416400
2010-05-05,75.0,78.75,74.4,78.1,1600200
2010-05-06,78.55,81.75,76.7,79.4,2533200
2010-05-07,80.65,81.5,76.15,80.15,2317100
2010-05-10,81.45,82.25,78.85,80.9,1781300
2010-05-11,83.1,89.25,83.1,88.3,2790900
2010-05-12,91.55,93.1,89.15,89.6,2733400
2010-05-13,89.2,90.0,87.0,87.5,1497100
2010-05-14,89.75,90.2,84.3,88.75,1902700
2010-05-17,88.7,88.85,84.7,86.1,1385900
2010-05-18,85.15,87.1,84.65,85.75,1619500
2010-05-19,84.35,84.35,79.75,82.6,1906500
2010-05-20,78.75,81.05,77.5,77.95,1935600
2010-05-21,75.5,79.05,74.65,78.65,1346000
2010-05-24,80.15,82.95,80.05,80.5,1010800
2010-05-25,78.4,83.35,77.8,83.0,1482800
2010-05-26,85.1,85.25,82.45,82.85,1252700
2010-05-27,83.65,85.85,83.1,85.2,945800
2010-05-28,85.0,85.9,83.8,84.75,900000
2010-06-01,86.3,88.45,85.35,85.75,1173500
2010-06-02,85.35,86.9,84.5,86.85,817500
2010-06-03,87.1,87.25,83.6,85.8,875700
2010-06-04,83.7,86.25,83.65,84.2,778400
2010-06-07,83.95,88.75,82.9,86.7,1247900
2010-06-08,88.15,89.4,87.0,88.0,1146200
2010-06-09,87.25,88.35,85.6,86.4,983200
2010-06-10,85.8,86.75,84.1,85.45,1035900
2010-06-11,85.85,87.3,85.4,86.5,584800
2010-06-14,86.65,86.8,83.45,83.7,761600
2010-06-15,84.5,85.95,84.2,85.95,619200
2010-06-16,85.65,87.05,85.55,86.4,736900
2010-06-17,87.65,91.15,87.45,90.7,1630800
2010-06-18,92.1,92.65,90.25,91.85,2229500
2010-06-21,93.25,93.25,88.5,88.95,1108200
2010-06-22,89.1,91.3,88.85,89.4,833100
2010-06-23,88.25,90.0,87.55,88.8,754200
2010-06-24,88.75,90.5,88.2,88.45,825000
2010-06-25,90.05,92.45,89.55,91.9,783000
2010-06-28,92.2,95.35,91.25,91.8,1546500
2010-06-29,90.6,91.15,87.85,88.75,1091000
2010-06-30,88.4,90.9,88.1,89.8,1082500
2010-07-01,88.85,89.2,82.8,84.55,1555100
2010-07-02,85.5,87.4,83.85,84.45,982200
2010-07-06,84.1,84.4,80.0,81.1,1370800
2010-07-07,80.8,83.6,79.75,83.6,869900
2010-07-08,84.25,84.25,80.65,81.95,857000
2010-07-09,83.85,86.75,83.6,85.75,874300
2010-07-12,85.7,86.3,82.6,83.1,739800
2010-07-13,85.45,85.75,82.65,82.75,824500
2010-07-14,82.75,83.75,81.4,81.45,960400
2010-07-15,82.1,82.3,79.55,81.3,776400
2010-07-16,79.55,79.75,78.4,79.45,799000
2010-07-19,78.25,78.7,76.1,76.9,1080000
2010-07-20,76.05,79.65,76.05,79.6,833300
2010-07-21,79.6,80.2,78.05,78.45,635300
2010-07-22,79.2,81.3,79.05,80.15,557400
2010-07-23,80.65,81.5,79.75,81.5,767500
2010-07-26,82.25,82.25,80.05,80.3,470300
2010-07-27,79.95,80.05,77.0,77.7,939200
2010-07-28,77.5,79.5,77.0,78.85,708100
2010-07-29,80.55,81.05,78.9,79.65,685800
2010-07-30,79.8,81.7,79.25,81.45,572600
2010-08-02,82.6,82.85,79.35,79.65,554600
2010-08-03,81.35,82.8,80.7,82.5,614100
2010-08-04,84.65,86.1,84.2,85.1,815100
2010-08-05,85.35,85.85,84.5,85.55,603600
2010-08-06,86.35,87.35,85.8,86.1,653000
2010-08-09,86.1,87.1,84.9,86.8,449900
2010-08-10,85.0,87.95,85.0,87.3,657500
2010-08-11,86.5,88.0,85.05,85.65,760900
2010-08-12,86.85,89.25,86.5,89.1,695100
2010-08-13,89.35,89.4,87.5,88.05,430100
2010-08-16,89.0,89.95,88.6,89.85,497000
2010-08-17,90.0,91.0,89.0,90.95,426200
2010-08-18,90.2,93.65,89.35,93.05,763600
2010-08-19,93.55,94.5,90.9,92.65,843800
2010-08-20,91.3,92.25,90.25,92.1,497400
2010-08-23,92.3,92.35,90.45,91.45,384400
2010-08-24,89.1,91.95,88.5,89.9,707000
2010-08-25,91.0,95.25,90.3,94.9,1230200
2010-08-26,96.0,97.4,95.1,96.1,1366700
2010-08-27,96.7,98.15,94.0,98.15,1299200
2010-08-30,98.45,98.6,96.0,96.55,633600
2010-08-31,97.45,100.3,97.15,97.8,1389300
2010-09-01,99.2,99.25,95.0,96.3,1144000
2010-09-02,97.6,98.0,96.25,97.3,693700
2010-09-03,94.2,95.7,92.65,95.5,1281400
2010-09-07,96.65,97.5,94.7,96.45,1467000
2010-09-08,97.2,99.0,96.55,96.6,857300
2010-09-09,96.7,97.2,93.75,95.15,742500
2010-09-10,94.25,96.15,94.05,94.9,612400
2010-09-13,95.25,96.0,93.85,95.05,564000
2010-09-14,97.1,100.75,96.55,99.25,1437600
2010-09-15,99.6,101.15,98.5,99.2,1056400
2010-09-16,100.45,100.45,98.5,99.35,1019200
2010-09-17,100.35,100.6,97.1,97.45,1945700
2010-09-20,97.7,97.9,95.3,96.0,1290400
2010-09-21,95.15,95.2,91.4,94.45,1948800
2010-09-22,96.35,96.7,94.0,94.75,1150000
2010-09-23,94.0,94.7,92.9,93.5,944000
2010-09-24,94.6,94.95,90.7,91.25,1288400
2010-09-27,91.55,91.6,90.5,90.8,798100
2010-09-28,90.25,95.5,88.25,95.0,2011900
2010-09-29,95.45,96.6,94.8,95.25,1210000
2010-09-30,96.1,96.1,90.5,92.45,1489500
2010-10-01,93.5,94.05,91.55,92.25,943800
2010-10-04,91.7,92.25,90.2,91.15,517700
2010-10-05,92.9,94.75,92.7,93.35,770700
2010-10-06,94.0,96.25,93.35,95.4,975600
2010-10-07,95.8,95.9,91.45,91.8,1138900
2010-10-08,92.4,93.55,91.85,92.7,587600
2010-10-11,92.85,93.75,91.65,92.85,502800
2010-10-12,92.45,92.9,90.7,92.1,640300
2010-10-13,93.05,95.0,93.05,93.55,834200
2010-10-14,93.6,94.25,92.5,92.8,667300
2010-10-15,92.15,92.7,90.05,91.0,920200
2010-10-18,89.95,90.25,88.65,90.15,820800
2010-10-19,85.65,85.95,83.7,85.1,1500000
2010-10-20,85.0,87.55,84.75,86.25,902500
2010-10-21,86.65,86.65,81.7,82.55,1412300
2010-10-22,83.4,84.15,81.95,83.9,804500
2010-10-25,86.25,86.9,85.5,86.3,957800
2010-10-26,85.45,86.7,84.75,85.85,735500
2010-10-27,84.85,84.85,82.0,83.1,1112000
2010-10-28,84.8,85.7,83.15,85.55,1009900
2010-10-29,86.45,86.45,84.25,84.65,1017800
2010-11-01,85.35,88.45,84.95,87.75,1353300
2010-11-02,88.75,90.35,88.25,89.5,1100000
2010-11-03,89.75,93.0,88.5,92.55,2050800
2010-11-04,95.7,96.85,93.45,94.45,1523200
2010-11-05,94.15,96.25,94.0,94.15,923500
2010-11-08,94.4,95.1,92.65,94.7,986000
2010-11-09,96.0,96.5,88.4,89.55,1892300
2010-11-10,90.5,90.55,86.6,88.45,1861900
2010-11-11,88.6,88.75,86.0,88.7,1057300
2010-11-12,87.4,89.75,86.75,88.95,1611400
2010-11-15,89.4,89.4,85.25,85.3,1205700
2010-11-16,84.45,84.6,81.8,82.8,1390200
2010-11-17,82.8,85.0,82.25,83.55,831000
2010-11-18,85.65,86.45,85.1,85.4,789600
2010-11-19,84.95,85.5,83.35,85.4,582700
2010-11-22,85.45,86.35,83.9,86.05,605100
2010-11-23,86.15,86.55,85.0,85.7,673800
2010-11-24,85.95,86.35,85.0,85.4,459900
2010-11-26,83.85,83.9,83.15,83.4,292100
2010-11-29,83.5,84.95,82.4,84.55,524000
2010-11-30,84.9,87.75,84.5,87.2,855100
2010-12-01,89.75,90.55,87.9,89.95,1081500
2010-12-02,91.45,92.85,90.75,91.6,814500
2010-12-03,92.85,94.4,92.25,93.9,668100
2010-12-06,94.45,94.6,93.4,94.15,757700
2010-12-07,95.45,95.5,90.9,91.3,1073400
2010-12-08,90.7,91.65,89.0,90.05,793400
2010-12-09,90.55,90.85,88.55,89.6,619700
2010-12-10,88.85,89.8,87.4,89.65,573800
2010-12-13,91.1,92.05,90.3,90.8,551700
2010-12-14,91.7,92.95,90.6,91.85,752200
2010-12-15,91.05,91.8,89.6,90.2,921900
2010-12-16,90.4,90.55,88.35,89.45,982000
2010-12-17,90.1,90.75,88.25,90.4,1858700
2010-12-20,90.45,91.25,89.0,90.2,723000
2010-12-21,89.9,91.35,89.55,91.15,561000
2010-12-22,91.0,91.7,89.7,89.9,423600
2010-12-23,89.45,91.35,89.25,90.35,409700
2010-12-27,90.2,90.35,88.55,88.9,255300
2010-12-28,90.3,91.25,89.45,90.2,474700
2010-12-29,90.9,93.0,90.85,92.55,506200
2010-12-30,92.6,93.4,92.3,92.7,414400
2010-12-31,92.95,93.55,92.3,92.85,288800
2011-01-03,93.4,93.55,91.15,91.8,500100
2011-01-04,91.1,91.45,87.15,89.25,1016800
2011-01-05,88.15,88.9,86.6,88.2,608500
2011-01-06,87.9,88.2,84.8,85.05,928900
2011-01-07,84.65,87.15,84.65,85.9,651600
2011-01-10,86.0,86.35,84.9,85.0,554400
2011-01-11,86.15,90.55,85.9,90.3,1006300
2011-01-12,91.35,91.65,89.55,91.35,660400
2011-01-13,91.7,91.8,87.8,88.65,572600
2011-01-14,87.45,88.1,85.25,85.6,811500
2011-01-18,86.65,87.05,85.4,86.0,528100
2011-01-19,86.65,86.65,83.65,84.45,824500
2011-01-20,82.6,83.15,80.65,82.1,1074200
2011-01-21,81.5,82.95,79.9,79.95,1048300
2011-01-24,80.0,81.05,78.2,78.9,1075500
2011-01-25,77.6,81.0,77.2,80.8,1624100
2011-01-26,80.5,83.55,79.35,82.8,1032800
2011-01-27,82.7,82.8,79.85,80.55,756900
2011-01-28,79.9,83.85,78.85,82.05,1282600
2011-01-31,81.6,82.45,79.75,80.6,740800
2011-02-01,81.35,82.35,79.55,82.2,893500
2011-02-02,82.2,82.35,80.5,81.25,550100
2011-02-03,81.7,83.8,80.6,83.35,936400
2011-02-04,84.05,85.0,83.2,83.45,865600
2011-02-07,83.55,84.15,82.15,82.3,492600
2011-02-08,83.8,84.2,83.1,84.2,638400
2011-02-09,84.15,84.5,82.7,83.5,623300
2011-02-10,82.55,83.75,82.2,83.75,696300
2011-02-11,83.3,84.85,81.85,82.0,817500
2011-02-14,82.3,83.2,81.45,82.3,773000
2011-02-15,83.3,83.95,82.95,83.6,517200
2011-02-16,84.3,84.65,82.7,84.45,533000
2011-02-17,84.75,85.85,84.15,85.45,608000
2011-02-18,86.55,87.9,85.7,87.05,834800
2011-02-22,88.05,88.45,83.9,84.15,927500
2011-02-23,84.0,86.6,83.8,85.9,852100
2011-02-24,86.5,86.85,81.95,82.1,699900
2011-02-25,82.4,83.55,82.0,83.05,422200
2011-02-28,83.55,85.35,83.2,85.3,431200
2011-03-01,85.8,86.6,85.05,86.15,692600
2011-03-02,86.2,86.35,84.65,85.25,500200
2011-03-03,84.45,84.45,82.2,83.0,610000
2011-03-04,82.85,84.2,82.65,82.95,486900
2011-03-07,83.95,84.0,80.25,81.3,861600
2011-03-08,81.15,81.15,79.25,80.55,624100
2011-03-09,80.3,81.25,78.3,78.95,842100
2011-03-10,77.45,77.8,74.9,76.1,928500
2011-03-11,74.3,77.6,74.3,77.35,577600
2011-03-14,76.65,77.25,75.0,76.6,559100
2011-03-15,73.05,76.15,72.25,75.9,1080700
2011-03-16,75.75,77.15,74.4,76.4,1235900
2011-03-17,77.0,79.05,76.1,78.4,993600
2011-03-18,79.5,80.5,77.85,79.3,1411000
2011-03-21,81.0,81.65,80.1,81.5,859300
2011-03-22,81.25,81.45,79.8,80.35,699400
2011-03-23,80.1,82.75,79.5,82.4,798800
2011-03-24,82.6,82.8,80.35,80.65,756500
2011-03-25,80.8,82.25,80.4,81.35,627300
2011-03-28,80.4,80.95,78.9,79.3,607700
2011-03-29,79.3,80.35,78.7,78.95,527400
2011-03-30,80.05,81.25,79.35,81.2,534200
2011-03-31,81.6,82.2,80.95,81.3,459300
2011-04-01,80.95,81.2,79.15,79.45,654900
2011-04-04,80.05,81.25,79.95,80.2,450500
2011-04-05,79.9,84.75,79.75,84.7,999900
2011-04-06,85.35,87.15,85.05,86.9,1216900
2011-04-07,86.9,87.1,85.75,86.05,761400
2011-04-08,87.25,90.4,87.25,90.25,1245900
2011-04-11,89.9,90.95,87.1,87.95,1228200
2011-04-12,87.4,88.2,85.5,86.8,813500
2011-04-13,87.85,89.05,87.0,88.3,924700
2011-04-14,87.85,89.9,87.4,89.4,910700
2011-04-15,89.45,90.5,88.55,90.3,683000
2011-04-18,89.45,90.5,87.0,88.8,697200
2011-04-19,88.8,89.85,88.05,89.85,484700
2011-04-20,91.05,91.7,90.05,90.2,706300
2011-04-21,91.0,91.15,89.6,90.3,476500
2011-04-25,91.15,91.25,88.0,88.25,631500
2011-04-26,88.3,88.45,86.5,87.8,639400
2011-04-27,88.15,90.65,86.8,90.4,667400
2011-04-28,90.35,91.7,89.3,89.5,608200
2011-04-29,89.2,93.4,88.75,93.15,1045700
2011-05-02,91.95,93.4,90.05,90.85,936700
2011-05-03,90.1,90.3,83.85,83.9,1900300
2011-05-04,84.1,84.1,81.25,83.35,1484100
2011-05-05,81.35,83.6,79.3,80.55,1111400
2011-05-06,81.3,82.65,79.45,79.8,902900
2011-05-09,80.65,81.95,79.6,81.85,650400
2011-05-10,82.1,82.1,78.7,79.75,1035900
2011-05-11,79.65,79.75,77.35,77.7,1317500
2011-05-12,76.55,77.55,75.5,76.3,1206300
2011-05-13,76.65,77.6,74.55,75.55,946500
2011-05-16,75.25,77.5,74.75,75.25,846900
2011-05-17,74.3,77.3,73.8,77.25,1131000
2011-05-18,77.55,78.5,75.3,75.6,1198500
2011-05-19,75.6,77.6,75.5,77.4,866700
2011-05-20,77.35,79.35,75.7,78.4,828500
2011-05-23,77.5,78.95,76.65,77.55,617100
2011-05-24,78.35,79.95,78.2,79.15,591500
2011-05-25,79.65,79.95,78.5,79.1,441200
2011-05-26,78.85,79.45,77.45,79.05,462900
2011-05-27,79.5,80.55,79.5,79.95,279200
2011-05-31,80.6,80.7,78.4,79.45,516700
2011-06-01,79.0,79.25,76.95,77.1,689300
2011-06-02,77.1,78.75,76.5,76.55,731100
2011-06-03,75.85,75.9,73.85,74.3,1153300
2011-06-06,74.5,76.0,73.2,73.75,657500
2011-06-07,74.25,74.35,72.05,72.6,580500
2011-06-08,71.3,72.25,69.65,70.35,934200
2011-06-09,70.8,72.8,70.1,72.3,746800
2011-06-10,71.55,71.7,69.65,70.55,731300
2011-06-13,70.2,71.05,69.25,70.0,596700
2011-06-14,70.75,72.85,70.45,71.5,513800
2011-06-15,70.75,72.3,69.4,70.05,757900
2011-06-16,69.7,69.85,67.55,68.4,809900
2011-06-17,68.25,69.75,68.15,68.25,1059600
2011-06-20,68.1,68.5,66.7,67.25,572500
2011-06-21,67.55,70.85,67.4,70.4,716200
2011-06-22,70.2,75.35,70.1,74.15,1635900
2011-06-23,72.0,72.5,70.7,72.35,1231200
2011-06-24,72.0,72.4,70.2,70.3,473300
2011-06-27,69.6,71.2,68.7,70.55,550400
2011-06-28,70.75,73.7,70.35,72.6,596600
2011-06-29,73.6,74.9,72.55,73.75,522200
2011-06-30,73.95,74.4,72.4,73.7,623100
2011-07-01,72.75,72.75,70.75,72.1,474700
2011-07-05,74.3,77.7,73.7,77.2,968000
2011-07-06,78.0,80.7,77.95,79.85,1134000
2011-07-07,80.4,81.35,79.8,79.8,692100
2011-07-08,81.25,82.3,79.5,80.05,617500
2011-07-11,79.9,80.9,78.45,79.1,723500
2011-07-12,78.95,83.4,78.75,83.15,908400
2011-07-13,84.55,89.95,84.2,88.75,1892900
2011-07-14,89.65,89.95,87.85,88.5,1301300
2011-07-15,88.75,89.95,87.85,89.4,698600
2011-07-18,90.0,92.25,89.4,92.15,1111600
2011-07-19,92.6,92.85,90.2,90.9,851800
2011-07-20,89.7,92.15,89.6,91.25,718300
2011-07-21,91.4,91.65,89.55,90.25,792000
2011-07-22,91.3,92.65,90.6,92.15,578500
2011-07-25,93.75,94.9,92.55,92.95,884100
2011-07-26,92.0,92.9,91.3,92.25,527700
2011-07-27,92.45,93.15,88.05,88.55,849300
2011-07-28,88.3,90.15,87.1,89.15,758400
2011-07-29,89.1,89.35,85.65,86.35,897100
2011-08-01,86.0,88.0,85.2,87.05,851100
2011-08-02,87.1,92.15,86.25,90.9,1192700
2011-08-03,91.8,93.0,90.3,91.85,1187400
2011-08-04,92.4,92.4,84.85,87.0,1499600
2011-08-05,87.2,90.0,83.8,86.6,1155700
2011-08-08,89.0,93.35,87.5,89.4,1655300
2011-08-09,91.3,92.95,87.8,92.95,1550900
2011-08-10,92.8,99.1,90.8,97.35,2245700
2011-08-11,96.0,97.45,93.55,96.8,1284700
2011-08-12,96.15,96.35,93.4,95.7,706700
2011-08-15,95.05,98.4,94.1,98.3,746700
2011-08-16,97.8,99.1,97.0,97.75,649800
2011-08-17,98.4,98.95,95.7,97.05,567500
2011-08-18,97.1,98.8,94.95,95.7,733200
2011-08-19,96.95,99.35,96.6,96.95,1107000
2011-08-22,96.2,101.5,96.2,101.0,1585200
2011-08-23,98.0,100.25,94.2,95.85,1254900
2011-08-24,94.5,95.6,90.35,93.05,1093200
2011-08-25,91.05,96.4,90.5,94.75,940400
2011-08-26,95.5,97.7,92.55,97.5,585900
2011-08-29,98.05,98.1,95.65,96.65,730700
2011-08-30,97.75,99.05,97.0,98.7,738800
2011-08-31,98.8,99.55,96.95,99.3,701800
2011-09-01,99.25,103.4,99.1,101.8,1095400
2011-09-02,103.0,105.0,102.85,104.25,979500
2011-09-06,104.8,110.6,104.8,106.8,1381600
2011-09-07,103.45,107.05,102.65,106.95,813600
2011-09-08,108.65,109.5,107.05,109.0,695900
2011-09-09,107.75,110.15,106.75,107.4,859900
2011-09-12,104.95,107.3,100.2,102.5,1236900
2011-09-13,102.95,105.8,101.5,104.65,1013400
2011-09-14,104.7,104.8,101.35,102.5,745400
2011-09-15,100.5,100.65,98.0,100.45,1120100
2011-09-16,100.95,102.4,100.15,100.45,1610300
2011-09-19,100.9,101.7,98.85,100.6,701300
2011-09-20,100.5,105.2,99.35,102.7,933700
2011-09-21,102.6,106.15,100.8,100.9,917500
2011-09-22,95.1,95.1,90.15,91.6,967200
2011-09-23,87.75,89.75,85.05,86.2,922700
2011-09-26,85.65,89.3,84.1,88.8,929600
2011-09-27,92.6,92.8,89.05,89.45,845400
2011-09-28,89.35,90.4,84.5,84.75,838900
2011-09-29,86.6,87.85,83.8,84.8,745400
2011-09-30,84.9,87.55,83.4,85.7,557400
2011-10-03,87.45,88.4,82.3,82.45,804200
2011-10-04,81.25,81.25,76.15,79.5,1320000
2011-10-05,79.5,84.5,78.45,83.9,924500
2011-10-06,83.5,85.7,82.65,85.6,644100
2011-10-07,86.4,87.05,81.7,82.75,619800
2011-10-10,84.6,87.65,84.1,87.3,521900
2011-10-11,86.4,87.65,85.25,87.4,483400
2011-10-12,89.3,89.35,86.1,87.7,538800
2011-10-13,87.3,87.3,84.15,84.45,558300
2011-10-14,86.15,86.6,84.35,86.2,404000
2011-10-17,86.6,87.85,84.85,85.2,475900
2011-10-18,84.85,88.7,81.8,88.0,818500
2011-10-19,88.05,88.1,82.55,82.85,724900
2011-10-20,82.5,83.1,79.15,82.3,669100
2011-10-21,85.5,86.65,83.5,85.0,601000
2011-10-24,86.2,87.9,85.95,87.4,510300
2011-10-25,87.2,92.9,84.95,91.85,1125200
2011-10-26,93.25,93.55,90.0,93.4,985400
2011-10-27,95.5,96.0,93.4,94.95,705400
2011-10-28,94.15,98.9,93.5,98.3,899000
2011-10-31,97.0,97.65,93.75,94.35,610600
2011-11-01,90.15,95.4,88.65,94.7,838700
2011-11-02,96.35,98.65,95.0,97.7,800700
2011-11-03,99.05,99.45,95.6,97.1,1091400
2011-11-04,96.0,96.3,92.7,94.75,829100
2011-11-07,95.05,97.0,94.8,96.95,650300
2011-11-08,97.0,98.7,95.95,97.2,561100
2011-11-09,96.0,98.85,94.4,94.7,611800
2011-11-10,94.9,95.4,91.7,93.2,609300
2011-11-11,94.0,97.3,93.75,96.6,404200
2011-11-14,96.9,97.6,94.1,94.75,434000
2011-11-15,94.5,96.1,93.45,95.7,374500
2011-11-16,94.4,96.75,94.05,94.2,437600
2011-11-17,93.75,93.85,86.25,87.2,827000
2011-11-18,88.25,88.5,85.05,85.95,656500
2011-11-21,84.4,84.4,81.4,83.9,626100
2011-11-22,84.75,88.1,84.15,86.85,683400
2011-11-23,85.15,85.85,83.05,83.75,593400
2011-11-25,81.9,83.65,81.55,81.8,279100
2011-11-28,84.4,85.95,84.1,84.55,433400
2011-11-29,84.6,85.8,83.45,84.05,509200
2011-11-30,87.25,90.4,85.25,90.3,633300
2011-12-01,90.9,92.1,89.85,90.95,560400
2011-12-02,92.25,92.4,86.85,87.15,469600
2011-12-05,87.5,89.35,85.2,85.65,564600
2011-12-06,85.3,86.3,82.6,84.95,1068600
2011-12-07,85.1,85.25,82.1,83.2,785400
2011-12-08,82.5,82.5,80.25,81.15,686300
2011-12-09,81.1,82.6,80.5,82.15,504400
2011-12-12,79.35,79.35,77.55,79.1,677700
2011-12-13,79.2,80.6,76.5,77.0,660000
2011-12-14,74.8,75.25,70.5,73.75,1464400
2011-12-15,74.55,76.15,72.15,72.9,787900
2011-12-16,73.6,75.1,73.35,74.9,896600
2011-12-19,69.1,69.8,64.2,64.7,2096700
2011-12-20,66.45,68.1,66.0,67.0,875300
2011-12-21,67.1,69.4,66.9,68.5,837600
2011-12-22,68.4,70.0,66.7,69.75,780500
2011-12-23,70.05,71.75,69.9,71.6,621200
2011-12-27,70.8,71.15,67.55,67.65,510500
2011-12-28,68.5,68.6,66.05,66.7,730600
2011-12-29,66.0,67.8,64.7,67.75,632600
2011-12-30,68.35,69.85,67.5,68.55,499400
2012-01-03,70.7,73.75,70.7,73.7,695300
2012-01-04,73.7,74.5,72.5,73.1,743500
2012-01-05,73.15,73.8,71.85,73.2,534300
2012-01-06,73.15,74.1,71.5,71.95,461400
2012-01-09,72.45,73.3,71.05,71.95,615800
2012-01-10,73.95,74.2,71.65,71.85,625500
2012-01-11,72.1,72.5,70.6,71.7,641800
2012-01-12,72.2,73.05,70.35,70.65,629100
2012-01-13,69.95,70.2,68.6,70.0,504000
2012-01-17,71.1,71.55,69.6,70.1,503100
2012-01-18,69.65,71.1,69.65,69.95,506700
2012-01-19,70.15,70.6,68.1,68.6,498300
2012-01-20,68.05,69.25,67.35,67.95,528700
2012-01-23,68.65,69.25,67.65,68.15,615100
2012-01-24,67.7,68.05,66.25,66.6,503800
2012-01-25,66.15,70.6,65.25,70.3,1366800
2012-01-26,72.0,72.95,70.25,70.75,1041900
2012-01-27,71.15,76.05,70.25,75.25,993200
2012-01-30,73.8,75.15,72.9,74.15,695000
2012-01-31,75.95,76.35,73.9,75.55,735400
2012-02-01,76.45,76.75,75.0,75.8,617200
2012-02-02,76.1,78.1,75.6,77.5,681700
2012-02-03,76.3,76.45,73.45,73.8,700700
2012-02-06,72.85,73.9,72.4,72.9,426400
2012-02-07,73.4,73.7,71.6,72.45,532700
2012-02-08,72.65,73.2,70.2,70.3,539800
2012-02-09,71.2,71.5,69.25,69.4,659900
2012-02-10,67.9,68.2,67.2,67.35,594900
2012-02-13,68.1,68.3,66.35,66.65,565300
2012-02-14,66.65,67.0,64.35,65.4,754700
2012-02-15,66.25,67.4,65.95,66.8,711700
2012-02-16,66.1,68.65,65.5,68.1,590500
2012-02-17,69.0,69.0,66.6,67.75,471100
2012-02-21,68.35,72.2,68.35,72.0,1097500
2012-02-22,71.85,74.1,70.75,73.85,1095900
2012-02-23,73.95,75.25,73.6,74.4,1031600
2012-02-24,75.6,76.45,74.8,75.35,803700
2012-02-27,74.8,76.95,73.9,76.0,840000
2012-02-28,76.5,77.75,76.0,77.6,836900
2012-02-29,77.9,78.7,74.25,76.55,1525700
2012-03-01,76.75,77.85,75.7,77.0,683000
2012-03-02,76.55,76.95,74.3,74.5,619500
2012-03-05,73.9,74.05,70.5,71.4,822700
2012-03-06,69.4,70.5,68.45,70.45,772100
2012-03-07,70.25,70.9,69.0,70.6,657600
2012-03-08,71.85,71.95,70.4,70.65,554900
2012-03-09,70.75,72.5,70.25,71.05,652300
2012-03-12,70.7,71.6,69.95,71.05,594500
2012-03-13,70.05,72.25,70.05,70.75,591100
2012-03-14,69.25,69.55,66.25,67.2,1258700
2012-03-15,67.0,68.6,67.0,67.3,784200
2012-03-16,67.15,67.5,65.7,66.75,1745300
2012-03-19,67.45,67.65,66.0,66.05,576700
2012-03-20,65.15,66.45,64.15,65.6,906000
2012-03-21,66.15,66.5,65.3,65.55,779300
2012-03-22,64.0,65.15,63.75,64.4,692500
2012-03-23,64.75,67.75,64.15,67.0,887900
2012-03-26,68.5,69.6,67.95,68.1,836100
2012-03-27,68.7,68.7,67.35,67.5,855000
2012-03-28,67.0,67.6,65.35,66.2,483600
2012-03-29,65.8,67.15,64.65,67.0,689200
2012-03-30,67.45,68.9,67.45,68.7,605400
2012-04-02,68.65,70.3,68.25,70.25,654500
2012-04-03,70.35,70.35,68.15,68.55,1338800
2012-04-04,66.5,66.85,63.95,65.1,1042500
2012-04-05,65.7,67.15,63.95,64.2,764500
2012-04-09,64.45,64.7,63.25,63.75,601300
2012-04-10,63.6,64.25,62.2,64.05,813500
2012-04-11,65.05,65.2,63.95,64.25,577800
2012-04-12,65.45,72.5,65.15,72.0,2283600
2012-04-13,72.3,73.55,70.55,72.25,1576100
2012-04-16,72.5,73.0,70.3,71.15,773600
2012-04-17,71.75,73.6,71.35,72.45,691100
2012-04-18,71.95,72.1,70.3,71.1,661800
2012-04-19,71.4,72.6,70.8,71.25,683900
2012-04-20,71.65,72.35,69.6,69.8,510700
2012-04-23,68.2,68.35,65.1,65.8,1327600
2012-04-24,66.5,67.15,65.85,66.55,849700
2012-04-25,67.15,70.25,66.85,69.9,964900
2012-04-26,70.75,71.5,70.15,71.05,810400
2012-04-27,71.85,71.95,70.9,71.7,585100
2012-04-30,71.1,71.6,70.0,70.9,646500
2012-05-01,71.25,71.4,69.6,70.5,543700
2012-05-02,69.7,70.0,68.65,69.0,522300
2012-05-03,68.2,68.35,64.55,65.55,1097700
2012-05-04,65.8,67.95,65.0,65.95,782500
2012-05-07,65.6,66.15,63.75,64.1,723700
2012-05-08,62.5,62.65,58.25,58.35,1701200
2012-05-09,56.45,61.45,56.45,59.25,1449300
2012-05-10,60.35,61.5,58.55,58.95,975700
2012-05-11,58.45,59.3,56.85,57.35,1011900
2012-05-14,56.1,56.4,54.5,54.55,954100
2012-05-15,54.45,55.75,51.0,51.4,1393200
2012-05-16,51.05,53.85,51.0,51.25,1333900
2012-05-17,52.5,55.25,52.3,53.85,1606100
2012-05-18,55.5,56.75,54.3,54.6,1224000
2012-05-21,54.9,56.15,54.5,55.95,495000
2012-05-22,55.9,56.7,54.75,55.3,762900
2012-05-23,54.55,57.0,52.3,57.0,1635200
2012-05-24,58.45,58.7,56.55,58.15,1284000
2012-05-25,58.55,59.1,57.65,58.1,701000
2012-05-29,59.3,60.2,57.75,58.2,1109700
2012-05-30,56.85,57.9,54.25,57.3,1188200
2012-05-31,57.35,57.95,54.1,55.15,1042100
2012-06-01,56.5,58.05,56.25,57.15,1323400
2012-06-04,57.7,60.05,57.1,60.05,1113200
2012-06-05,59.85,60.75,59.2,60.3,944300
2012-06-06,62.25,63.35,61.3,62.2,1312000
2012-06-07,63.35,63.35,59.55,60.05,966400
2012-06-08,58.95,59.15,57.75,58.85,1188100
2012-06-11,59.7,59.85,58.0,58.05,612100
2012-06-12,59.35,60.85,58.9,60.65,595800
2012-06-13,61.1,62.45,60.45,61.95,1125000
2012-06-14,62.45,63.65,61.95,62.95,1147100
2012-06-15,63.05,65.5,62.05,64.3,2662300
2012-06-18,63.35,65.95,63.05,65.8,886300
2012-06-19,66.1,66.35,64.25,64.85,775800
2012-06-20,64.45,66.4,63.55,64.75,886100
2012-06-21,63.3,63.6,61.15,61.25,1074500
2012-06-22,62.0,62.75,60.5,61.95,619800
2012-06-25,60.7,61.95,60.15,61.6,696200
2012-06-26,61.25,61.5,60.25,61.15,539200
2012-06-27,61.35,61.65,59.45,60.95,637200
2012-06-28,60.1,60.85,58.7,60.1,625500
2012-06-29,62.4,62.75,60.7,61.6,738200
2012-07-02,61.1,63.5,61.05,63.35,394400
2012-07-03,64.6,65.15,63.9,64.7,527000
2012-07-05,62.0,62.75,60.9,62.4,974500
2012-07-06,61.45,62.3,60.7,61.0,804200
2012-07-09,60.9,61.15,59.7,60.5,552600
2012-07-10,61.0,61.5,56.6,57.2,801200
2012-07-11,57.05,57.2,53.8,55.25,1254900
2012-07-12,54.5,54.6,52.2,53.8,1229000
2012-07-13,54.35,54.5,53.2,53.9,526200
2012-07-16,54.2,54.2,52.75,53.4,493300
2012-07-17,53.25,53.25,51.4,51.85,670100
2012-07-18,51.6,52.1,51.2,51.75,385400
2012-07-19,52.3,53.15,52.0,52.3,381500
2012-07-20,51.35,52.55,51.25,51.7,517900
2012-07-23,50.55,50.55,48.9,49.0,873200
2012-07-24,51.0,51.45,49.95,50.75,921400
2012-07-25,52.2,52.5,50.95,51.95,679700
2012-07-26,52.65,52.95,50.7,51.95,812600
2012-07-27,49.9,55.9,49.9,55.1,1189700
2012-07-30,55.25,57.05,55.25,56.75,760000
2012-07-31,56.65,56.9,53.7,54.05,823500
2012-08-01,54.15,54.35,51.55,53.25,884600
2012-08-02,52.85,54.5,52.15,52.45,731300
2012-08-03,54.05,54.95,53.45,54.15,759900
2012-08-06,54.75,56.75,54.5,55.35,568000
2012-08-07,56.0,58.7,55.9,57.4,936200
2012-08-08,57.4,58.1,55.4,55.65,716300
2012-08-09,55.8,57.25,55.3,56.7,310600
2012-08-10,56.5,57.45,56.3,57.2,321700
2012-08-13,57.25,58.25,56.4,56.5,444700
2012-08-14,56.25,57.05,55.9,56.1,328100
2012-08-15,56.2,57.0,55.95,56.85,290900
2012-08-16,57.3,59.55,56.85,59.45,617900
2012-08-17,58.85,59.55,58.5,59.05,457000
2012-08-20,59.45,60.0,58.6,59.6,415000
2012-08-21,61.25,63.8,61.0,62.75,1092400
2012-08-22,62.9,66.05,62.5,65.6,1257900
2012-08-23,67.6,67.95,64.85,65.1,1173300
2012-08-24,65.15,65.55,64.25,65.05,519600
2012-08-27,65.2,65.35,63.15,64.05,662900
2012-08-28,64.45,64.95,63.9,64.2,378100
2012-08-29,64.45,64.95,63.6,64.0,505100
2012-08-30,63.8,64.7,63.25,63.95,528000
2012-08-31,65.15,67.2,64.2,66.4,1010200
2012-09-04,66.9,67.9,65.6,67.75,729800
2012-09-05,67.8,68.25,66.3,67.75,469400
2012-09-06,68.85,69.05,67.95,68.9,641700
2012-09-07,71.1,73.6,70.0,73.4,1534800
2012-09-10,73.4,73.45,70.3,70.8,737800
2012-09-11,71.9,73.45,71.4,72.75,890200
2012-09-12,72.8,73.35,70.4,72.35,958500
2012-09-13,72.15,75.9,70.6,75.55,1724800
2012-09-14,76.9,78.9,76.0,78.75,1678700
2012-09-17,79.25,80.55,77.15,79.5,1213000
2012-09-18,78.5,80.45,77.75,77.95,1557300
2012-09-19,78.95,81.0,77.9,79.8,1200500
2012-09-20,78.8,79.25,76.7,78.4,1636500
2012-09-21,80.2,80.8,77.7,77.75,2746000
2012-09-24,76.1,77.1,74.45,75.0,964900
2012-09-25,76.5,77.05,73.4,73.5,1136800
2012-09-26,72.1,73.7,70.5,73.45,1502500
2012-09-27,74.3,75.9,73.25,75.7,752100
2012-09-28,75.5,76.7,74.6,76.2,803300
2012-10-01,77.3,78.4,76.2,76.9,973300
2012-10-02,77.2,77.25,75.5,76.3,684300
2012-10-03,76.45,76.6,74.15,74.6,793700
2012-10-04,74.45,76.05,74.3,76.0,827900
2012-10-05,75.3,75.9,73.7,74.55,915500
2012-10-08,73.7,74.2,72.6,73.75,397500
2012-10-09,74.65,74.7,71.4,71.6,795700
2012-10-10,70.75,71.4,69.9,70.95,1372100
2012-10-11,71.85,72.4,70.85,71.1,563000
2012-10-12,71.2,71.4,69.95,70.0,701200
2012-10-15,69.55,71.0,69.3,70.95,735100
2012-10-16,71.2,73.05,71.15,72.45,789600
2012-10-17,72.5,74.35,71.7,74.1,676800
2012-10-18,73.25,73.7,70.95,70.95,801300
2012-10-19,70.45,72.5,69.95,71.7,697900
2012-10-22,70.95,72.65,70.95,72.6,689100
2012-10-23,70.8,71.9,70.5,70.75,729000
2012-10-24,71.25,71.8,69.1,69.25,694200
2012-10-25,70.65,72.35,70.55,71.0,619300
2012-10-26,70.8,71.25,69.4,69.8,633500
2012-10-31,71.5,74.3,70.45,74.1,730900
2012-11-01,73.9,75.25,73.55,73.95,497900
2012-11-02,73.2,74.0,71.3,71.35,928600
2012-11-05,71.55,71.6,70.1,70.15,446000
2012-11-06,70.65,73.25,70.45,73.15,784200
2012-11-07,73.55,74.35,71.15,74.15,667100
2012-11-08,74.25,76.9,73.45,75.95,623600
2012-11-09,76.2,76.6,74.5,74.55,511900
2012-11-12,74.4,75.0,72.65,72.95,439200
2012-11-13,72.25,74.9,71.5,73.85,478700
2012-11-14,74.05,74.65,72.25,72.4,604300
2012-11-15,72.15,72.65,69.5,70.45,796000
2012-11-16,69.45,70.8,69.1,70.5,678400
2012-11-19,72.2,74.6,71.95,74.45,701300
2012-11-20,74.65,75.0,73.2,73.7,638000
2012-11-21,73.5,76.5,73.35,75.75,675000
2012-11-23,76.5,78.2,75.7,77.15,452800
2012-11-26,76.8,77.45,76.05,77.2,678100
2012-11-27,76.85,77.2,74.7,74.85,586800
2012-11-28,73.05,74.25,72.5,74.2,972100
2012-11-29,74.65,74.85,71.65,72.55,1033200
2012-11-30,72.3,73.05,71.25,72.4,683100
2012-12-03,72.25,72.8,70.25,70.4,663200
2012-12-04,69.5,70.65,69.0,70.1,802900
2012-12-05,69.95,70.15,66.6,66.75,1231900
2012-12-06,66.9,68.1,66.65,67.9,733800
2012-12-07,68.35,68.85,67.0,67.7,479900
2012-12-10,68.6,68.75,67.15,67.55,536000
2012-12-11,67.3,67.6,66.75,67.0,383800
2012-12-12,67.75,69.35,66.65,68.8,913700
2012-12-13,67.15,67.95,66.15,66.6,560400
2012-12-14,66.5,67.75,66.3,67.25,442200
2012-12-17,67.55,68.05,66.45,68.0,552900
2012-12-18,68.05,68.25,64.4,65.35,834800
2012-12-19,64.95,65.05,63.35,63.6,509200
2012-12-20,62.5,63.55,61.9,63.3,703500
2012-12-21,63.2,64.6,62.85,63.6,566400
2012-12-24,63.6,64.15,62.95,63.5,164400
2012-12-26,64.45,64.45,62.95,63.6,266000
2012-12-27,62.95,64.35,62.65,63.6,691400
2012-12-28,63.45,64.0,62.65,62.75,350200
2012-12-31,62.85,64.65,62.75,64.4,485200
2013-01-02,65.8,66.5,65.6,66.3,456900
2013-01-03,66.25,66.3,63.05,63.35,649500
2013-01-04,62.75,63.5,61.75,63.3,596000
2013-01-07,62.65,63.25,61.8,61.95,462800
2013-01-08,61.85,62.25,61.15,62.15,552700
2013-01-09,62.05,62.3,60.6,61.7,712700
2013-01-10,62.5,64.5,62.5,64.2,638400
2013-01-11,64.3,65.55,63.9,65.25,715200
2013-01-14,65.85,66.7,65.1,65.15,469300
2013-01-15,65.45,66.65,64.75,65.6,534300
2013-01-16,65.0,65.4,64.45,64.6,303400
2013-01-17,64.15,64.9,63.4,64.05,446400
2013-01-18,64.1,64.55,63.4,64.15,306700
2013-01-22,64.0,66.3,63.5,65.65,556000
2013-01-23,65.15,66.2,64.15,64.2,469500
2013-01-24,63.25,64.05,60.85,60.9,593500
2013-01-25,60.45,60.7,57.0,57.3,1317700
2013-01-28,57.15,58.6,56.4,58.05,950700
2013-01-29,58.55,59.25,56.75,57.45,853900
2013-01-30,58.45,59.45,56.7,56.95,727600
2013-01-31,56.65,56.75,55.5,56.0,643000
2013-02-01,56.8,57.15,55.75,56.7,622500
2013-02-04,55.75,56.9,55.5,56.3,679400
2013-02-05,56.85,56.95,55.55,56.55,626900
2013-02-06,56.5,56.95,56.35,56.55,299200
2013-02-07,55.95,57.45,55.6,56.8,819900
2013-02-08,56.65,57.0,55.95,56.1,298500
2013-02-11,55.6,55.6,54.55,54.65,591900
2013-02-12,54.65,55.35,53.9,55.0,657600
2013-02-13,55.0,55.1,53.2,53.3,668600
2013-02-14,53.6,54.15,53.05,53.4,434200
2013-02-15,52.65,53.1,50.15,50.3,1177500
2013-02-19,49.7,49.85,48.75,49.75,1008300
2013-02-20,49.05,49.25,47.0,47.2,1086100
2013-02-21,47.45,49.2,47.35,49.05,1104200
2013-02-22,50.0,50.0,47.95,48.05,696300
2013-02-25,48.75,51.55,48.75,50.8,1231100
2013-02-26,51.1,51.85,49.85,51.85,1223800
2013-02-27,51.9,51.9,49.8,50.25,887200
2013-02-28,50.05,50.25,48.55,49.1,796700
2013-03-01,49.5,50.2,48.8,49.85,815300
2013-03-04,49.6,49.8,47.5,47.8,784600
2013-03-05,48.45,48.5,47.55,47.65,620600
2013-03-06,47.65,48.7,46.1,48.7,1570800
2013-03-07,49.0,49.3,47.7,47.85,702800
2013-03-08,47.25,48.7,46.7,47.55,1025100
2013-03-11,47.75,47.95,46.3,46.65,738100
2013-03-12,47.45,48.5,47.35,48.25,1058300
2013-03-13,48.35,48.55,46.4,46.7,752200
2013-03-14,46.35,47.6,46.2,47.05,798300
2013-03-15,47.15,47.5,46.85,47.45,2878400
2013-03-18,48.1,48.75,47.75,48.25,820800
2013-03-19,48.05,48.35,46.95,47.3,985800
2013-03-20,47.15,47.7,46.85,47.3,530200
2013-03-21,48.15,48.75,47.45,48.3,993900
2013-03-22,48.15,49.25,47.9,48.8,1258700
2013-03-25,48.65,48.9,47.8,48.05,958300
2013-03-26,47.9,48.0,46.55,46.95,775200
2013-03-27,46.8,48.25,46.55,48.2,889000
2013-03-28,47.75,47.9,46.95,47.65,603900
2013-04-01,47.55,47.8,46.6,46.9,499200
2013-04-02,46.25,46.35,42.35,42.5,1729800
2013-04-03,42.55,42.55,39.55,40.45,2331500
2013-04-04,40.2,41.5,39.7,41.05,1510700
2013-04-05,41.7,42.1,40.35,40.8,1448800
2013-04-08,40.85,41.3,40.15,40.35,699100
2013-04-09,40.5,42.7,40.3,42.6,1156200
2013-04-10,42.05,42.1,40.2,40.4,857800
2013-04-11,40.4,41.1,39.65,39.8,861500
2013-04-12,39.0,39.0,36.7,37.75,1961100
2013-04-15,35.5,35.65,33.7,34.6,2529700
2013-04-16,36.3,36.45,34.4,34.8,1478500
2013-04-17,34.95,36.0,32.95,33.15,2227500
2013-04-18,33.45,36.1,33.1,34.85,1851400
2013-04-19,35.65,35.9,34.05,35.25,1666000
2013-04-22,36.6,37.45,36.3,37.05,1518100
2013-04-23,36.85,36.9,35.2,35.55,1261500
2013-04-24,36.0,38.0,36.0,37.75,1125600
2013-04-25,38.75,39.1,37.6,38.05,1562600
2013-04-26,38.1,38.45,36.25,36.75,1160600
2013-04-29,37.4,38.2,37.2,37.4,628900
2013-04-30,37.1,39.65,36.35,39.6,1287200
2013-05-01,38.15,38.25,36.75,37.5,1288500
2013-05-02,38.3,38.7,37.6,37.95,738300
2013-05-03,37.75,38.8,37.05,37.55,983200
2013-05-06,37.15,37.5,36.5,36.9,771900
2013-05-07,36.3,36.6,35.6,35.8,742200
2013-05-08,36.4,38.4,36.05,38.1,859200
2013-05-09,37.35,39.15,36.9,37.4,892800
2013-05-10,36.5,37.95,36.15,37.75,891000
2013-05-13,37.55,37.85,36.55,36.55,545500
2013-05-14,36.3,37.3,35.85,36.05,749000
2013-05-15,35.4,35.8,34.45,34.45,874100
2013-05-16,33.95,35.25,32.9,35.0,916100
2013-05-17,34.35,34.75,33.55,33.55,741200
2013-05-20,33.4,37.15,33.3,36.9,990200
2013-05-21,35.1,36.0,34.45,34.9,1159400
2013-05-22,35.75,37.6,35.15,35.9,1216100
2013-05-23,37.05,37.25,35.8,36.1,730000
2013-05-24,35.85,36.85,35.75,36.5,748600
2013-05-28,36.45,36.8,35.6,35.9,880200
2013-05-29,36.05,37.65,35.85,37.65,1132400
2013-05-30,38.45,40.4,38.4,40.2,1550700
2013-05-31,39.9,40.1,38.95,39.85,1308500
2013-06-03,40.9,41.7,40.0,41.0,1235800
2013-06-04,40.3,40.7,39.7,40.2,1076600
2013-06-05,40.45,41.25,39.8,40.5,820200
2013-06-06,40.5,41.8,40.05,41.3,1242200
2013-06-07,40.1,40.2,38.85,39.25,1131500
2013-06-10,39.15,39.75,38.75,39.05,669300
2013-06-11,37.8,38.15,36.75,36.9,1286100
2013-06-12,36.75,37.75,36.65,37.05,846900
2013-06-13,36.3,37.6,36.15,37.45,763200
2013-06-14,37.45,37.95,36.45,36.6,477300
2013-06-17,36.6,36.85,36.3,36.7,534200
2013-06-18,36.3,36.55,35.0,35.25,904000
2013-06-19,35.5,35.5,33.7,33.8,1278000
2013-06-20,31.9,32.85,30.05,30.75,2141600
2013-06-21,31.1,31.55,30.3,31.2,1290200
2013-06-24,30.75,30.85,29.65,29.85,1428200
2013-06-25,29.9,30.05,29.05,29.4,1237700
2013-06-26,28.2,28.9,28.05,28.3,1349500
2013-06-27,28.5,28.95,27.8,28.7,1486300
2013-06-28,28.45,31.05,28.15,30.9,1691000
2013-07-01,31.4,32.25,30.65,31.35,1012800
2013-07-02,31.2,31.3,29.25,29.7,1124600
2013-07-03,30.0,30.9,29.95,30.6,644100
2013-07-05,29.65,30.15,29.15,30.1,854700
2013-07-08,30.35,30.6,29.55,29.6,631300
2013-07-09,30.05,30.9,29.95,30.4,666900
2013-07-10,30.8,30.8,29.55,30.2,860800
2013-07-11,31.85,33.5,31.85,33.45,1208400
2013-07-12,33.35,33.35,31.95,32.4,741300
2013-07-15,32.5,32.85,32.15,32.45,569200
2013-07-16,32.65,34.8,32.6,34.75,1048800
2013-07-17,34.9,35.55,33.85,33.85,1269900
2013-07-18,34.1,34.45,33.3,33.8,821700
2013-07-19,34.05,35.9,33.9,35.65,715600
2013-07-22,37.45,39.85,36.95,39.05,1647400
2013-07-23,39.15,40.65,38.2,40.55,1555500
2013-07-24,40.7,40.7,37.45,38.35,1485600
2013-07-25,38.25,40.7,38.25,39.35,1343100
2013-07-26,38.95,40.4,38.75,40.4,807500
2013-07-29,40.45,41.8,40.0,41.1,1507400
2013-07-30,41.0,41.2,39.7,40.0,1043000
2013-07-31,40.2,40.55,38.5,39.5,1970700
2013-08-01,39.75,39.75,37.5,37.5,1463100
2013-08-02,37.35,38.7,36.65,36.8,1295600
2013-08-05,36.95,37.65,36.45,36.8,674100
2013-08-06,35.95,36.1,34.95,34.95,1222900
2013-08-07,34.7,36.4,34.45,35.2,888200
2013-08-08,36.0,39.1,35.65,39.05,1592000
2013-08-09,38.8,40.45,38.0,39.45,1712600
2013-08-12,41.5,42.95,41.25,42.5,1579400
2013-08-13,42.1,42.5,40.7,41.05,1387100
2013-08-14,41.65,43.65,41.45,42.9,1783600
2013-08-15,42.15,46.7,41.8,46.1,2568000
2013-08-16,46.8,47.35,44.1,45.45,1771200
2013-08-19,45.6,45.75,44.05,44.4,1579400
2013-08-20,44.35,46.4,44.2,45.85,1287700
2013-08-21,45.35,45.85,43.9,44.0,1370600
2013-08-22,45.4,45.8,44.2,45.05,898400
2013-08-23,45.1,46.65,45.05,46.05,1209700
2013-08-26,46.5,47.2,45.75,46.3,1340700
2013-08-27,47.5,47.95,44.05,44.15,2256000
2013-08-28,44.7,45.75,42.4,42.8,1876200
2013-08-29,42.3,44.1,41.35,43.2,1899500
2013-08-30,42.45,43.85,41.9,42.75,898600
2013-09-03,44.15,44.5,43.45,43.75,1372800
2013-09-04,43.0,43.85,42.75,43.8,976300
2013-09-05,43.8,43.85,41.25,41.45,1580700
2013-09-06,42.4,42.5,41.4,42.15,1246300
2013-09-09,42.35,42.35,40.15,40.35,1320200
2013-09-10,39.5,39.55,37.7,37.8,1813600
2013-09-11,37.85,38.05,36.55,37.8,1362700
2013-09-12,36.0,36.5,34.8,34.9,1532500
2013-09-13,34.65,35.5,34.3,35.25,1538100
2013-09-16,35.75,36.2,34.95,35.55,1556900
2013-09-17,35.75,36.35,35.35,36.25,1063000
2013-09-18,35.9,39.9,35.15,39.2,2875900
2013-09-19,39.7,39.8,37.1,37.85,1607600
2013-09-20,36.8,36.8,34.15,34.45,4471800
2013-09-23,34.45,35.2,33.55,33.7,1305500
2013-09-24,33.5,33.8,32.85,33.45,1480900
2013-09-25,33.75,34.9,33.5,33.8,1059100
2013-09-26,34.0,34.15,32.9,33.4,956000
2013-09-27,33.8,34.3,33.25,33.25,1357000
2013-09-30,32.95,34.25,32.9,33.55,973800
2013-10-01,32.85,33.25,32.5,32.95,1190200
2013-10-02,33.25,34.15,32.7,32.75,1223300
2013-10-03,32.55,33.15,32.0,32.05,868800
2013-10-04,32.15,32.55,31.6,31.95,864800
2013-10-07,32.15,32.5,31.85,32.4,902700
2013-10-08,32.35,32.45,30.35,30.5,1456100
2013-10-09,30.25,31.35,29.3,30.55,1615800
2013-10-10,30.55,31.15,29.9,30.3,766500
2013-10-11,29.75,30.05,28.95,28.95,1285300
2013-10-14,29.45,29.75,28.5,28.95,813500
2013-10-15,28.9,29.3,28.2,29.0,1920700
2013-10-16,29.05,29.2,28.25,28.3,1850200
2013-10-17,29.7,31.75,29.35,31.0,2079700
2013-10-18,31.0,31.3,30.45,30.5,1050100
2013-10-21,30.7,31.7,30.65,31.55,697000
2013-10-22,32.25,33.4,32.25,32.75,1145300
2013-10-23,32.45,33.4,32.15,32.75,1812600
2013-10-24,33.3,34.7,33.3,34.45,1711300
2013-10-25,34.25,35.0,33.65,34.75,1172500
2013-10-28,34.9,36.05,34.35,35.85,1422000
2013-10-29,35.75,36.0,34.35,34.4,1360600
2013-10-30,35.3,35.85,34.05,35.45,1964500
2013-10-31,34.3,34.7,33.6,33.75,1172200
2013-11-01,33.2,33.55,32.6,32.9,898500
2013-11-04,33.15,34.1,33.0,33.95,636800
2013-11-05,33.75,33.85,32.9,33.4,818900
2013-11-06,33.7,34.45,33.65,34.45,914700
2013-11-07,33.65,34.0,32.45,32.6,1322800
2013-11-08,31.95,32.3,31.0,32.3,1580300
2013-11-11,32.1,33.45,31.15,33.4,1155500
2013-11-12,33.25,33.6,32.3,32.5,879400
2013-11-13,32.9,33.4,32.2,32.4,706400
2013-11-14,32.9,33.45,32.75,33.35,1186900
2013-11-15,33.35,33.6,32.55,32.7,838500
2013-11-18,32.7,32.7,31.5,31.7,795600
2013-11-19,31.65,32.15,31.4,31.75,490900
2013-11-20,31.4,32.05,30.05,30.5,1290300
2013-11-21,30.2,30.3,29.45,30.25,1210900
2013-11-22,30.15,30.75,29.5,29.7,859600
2013-11-25,29.05,30.35,28.45,30.25,1335700
2013-11-26,29.6,29.6,28.75,29.05,1291400
2013-11-27,29.4,29.65,29.0,29.45,742000
2013-11-29,30.1,30.75,29.95,30.55,484700
2013-12-02,29.65,29.75,28.15,28.15,1549900
2013-12-03,28.15,28.4,27.4,27.6,1253300
2013-12-04,27.95,28.6,27.25,28.45,1519400
2013-12-05,27.75,28.25,27.4,27.6,922300
2013-12-06,28.0,28.4,27.7,27.8,832000
2013-12-09,28.25,28.8,28.25,28.6,960500
2013-12-10,29.65,30.3,29.5,29.85,1170900
2013-12-11,29.8,30.05,28.35,28.45,997300
2013-12-12,27.75,28.1,27.35,28.0,1151800
2013-12-13,28.35,28.7,28.05,28.2,757300
2013-12-16,28.25,28.45,27.75,27.75,1055200
2013-12-17,27.6,28.15,27.45,27.8,737800
2013-12-18,27.9,28.9,27.35,27.35,1671700
2013-12-19,26.8,27.5,26.75,27.15,1103600
2013-12-20,27.25,27.9,27.15,27.45,2229000
2013-12-23,27.6,27.95,27.1,27.35,1036000
2013-12-24,27.35,27.9,27.3,27.8,874400
2013-12-26,28.15,28.85,28.15,28.6,632100
2013-12-27,28.4,28.75,28.25,28.5,659300
2013-12-30,28.25,28.45,27.5,27.6,731100
2013-12-31,27.4,28.5,27.4,28.45,921400
2014-01-02,29.25,29.9,29.1,29.8,1064100
2014-01-03,30.15,30.15,29.3,29.4,917900
2014-01-06,29.7,29.9,29.25,29.35,945800
2014-01-07,28.9,29.5,28.6,29.45,729800
2014-01-08,29.15,29.65,28.75,29.55,935200
2014-01-09,29.4,29.4,28.75,28.75,909600
2014-01-10,29.25,30.05,29.05,29.95,823000
2014-01-13,30.25,31.55,29.8,31.45,1147000
2014-01-14,31.05,31.5,30.2,30.25,1150400
2014-01-15,29.95,30.8,29.65,30.75,823900
2014-01-16,31.05,31.95,31.0,31.85,1351600
2014-01-17,32.4,33.55,32.3,33.4,1697800
2014-01-21,33.15,33.7,32.5,33.35,1379200
2014-01-22,33.2,33.45,32.55,32.8,1070800
2014-01-23,33.55,34.05,32.75,33.05,1351600
2014-01-24,33.4,33.85,32.05,33.05,1222100
2014-01-27,32.85,33.0,31.35,31.45,1248000
2014-01-28,31.45,31.95,31.0,31.8,1109800
2014-01-29,32.5,33.2,32.0,33.15,1223400
2014-01-30,32.1,32.35,31.75,31.9,1042200
2014-01-31,32.15,32.4,31.0,31.65,1398000
2014-02-03,32.3,32.7,31.4,31.5,1011900
2014-02-04,31.4,32.1,31.35,32.05,737100
2014-02-05,32.4,32.7,30.85,30.85,937700
2014-02-06,31.0,31.15,30.25,30.85,652400
2014-02-07,30.95,32.0,30.75,31.95,727400
2014-02-10,32.65,33.85,32.45,33.75,1363400
2014-02-11,34.05,35.4,33.95,34.9,1492800
2014-02-12,35.15,35.2,33.25,33.7,1312300
2014-02-13,33.4,35.5,33.3,35.5,1361600
2014-02-14,36.1,36.45,35.25,35.65,1223900
2014-02-18,36.15,36.45,35.55,36.2,1262800
2014-02-19,36.35,36.45,35.15,35.2,1921000
2014-02-20,35.25,36.55,35.1,36.45,1224000
2014-02-21,36.35,37.05,35.35,35.8,1231600
2014-02-24,36.0,36.0,34.8,35.1,1181000
2014-02-25,34.85,36.1,34.65,35.4,1306100
2014-02-26,34.95,35.55,33.95,34.2,1284000
2014-02-27,34.3,34.55,33.45,33.55,1079400
2014-02-28,33.55,34.1,33.0,33.3,1089500
2014-03-03,34.85,34.95,34.0,34.3,1011400
2014-03-04,33.9,34.45,33.6,34.05,649400
2014-03-05,34.25,34.95,33.9,34.9,738300
2014-03-06,35.1,35.3,34.7,35.05,721200
2014-03-07,34.45,34.8,34.15,34.25,811800
2014-03-10,34.25,35.0,34.0,34.4,732300
2014-03-11,34.75,35.0,34.15,34.5,821300
2014-03-12,34.85,35.75,34.7,35.75,870500
2014-03-13,35.55,36.8,35.35,36.7,1110100
2014-03-14,37.15,37.45,36.1,36.55,992000
2014-03-17,36.65,36.7,34.35,34.45,1389800
2014-03-18,33.75,34.65,33.75,34.1,764600
2014-03-19,33.8,33.95,31.55,31.75,1459000
2014-03-20,31.55,32.2,31.3,31.75,794600
2014-03-21,32.1,32.3,30.9,31.35,2957800
2014-03-24,30.9,31.2,29.9,29.95,1352100
2014-03-25,30.3,30.45,29.75,29.85,959000
2014-03-26,30.0,30.2,28.75,28.9,1175900
2014-03-27,28.8,29.6,28.1,28.8,1411200
2014-03-28,28.75,29.4,28.2,29.05,1021400
2014-03-31,29.1,29.1,27.85,27.9,1464900
2014-04-01,28.15,28.6,28.05,28.2,833100
2014-04-02,29.05,29.5,28.95,29.0,1047300
2014-04-03,28.8,29.1,28.5,28.9,692400
2014-04-04,29.9,30.75,29.75,29.8,1283100
2014-04-07,29.7,30.35,29.4,29.55,843600
2014-04-08,30.2,30.25,29.55,30.15,761300
2014-04-09,29.8,30.25,29.35,30.0,1081300
2014-04-10,30.25,30.55,29.3,29.35,865300
2014-04-11,29.35,30.0,29.15,29.5,1090900
2014-04-14,29.9,30.7,29.6,30.25,942400
2014-04-15,29.15,29.35,28.45,29.0,902200
2014-04-16,29.0,29.2,28.5,28.75,842700
2014-04-17,28.65,29.15,28.65,28.95,683000
2014-04-21,28.75,28.85,27.85,28.5,1006900
2014-04-22,28.45,29.7,28.25,29.6,1232800
2014-04-23,29.65,30.1,28.95,29.75,716200
2014-04-24,29.2,30.05,28.95,29.05,727300
2014-04-25,29.4,29.7,29.2,29.7,442200
2014-04-28,29.7,29.95,29.45,29.7,629400
2014-04-29,29.6,30.75,29.6,30.65,629300
2014-04-30,30.35,30.95,29.8,30.5,616300
2014-05-01,30.15,30.25,29.7,29.9,597200
2014-05-02,30.1,31.2,29.8,30.95,673500
2014-05-05,31.6,31.65,31.0,31.2,479000
2014-05-06,31.35,31.4,30.85,31.1,303600
2014-05-07,30.85,31.0,29.65,29.85,643700
2014-05-08,29.9,30.2,29.75,30.0,346900
2014-05-09,30.0,30.35,29.6,29.85,362900
2014-05-12,30.35,30.6,29.8,29.85,357300
2014-05-13,29.9,30.15,29.3,29.35,492700
2014-05-14,29.75,30.35,29.6,30.15,471100
2014-05-15,29.9,30.1,29.35,29.7,447700
2014-05-16,29.6,29.6,28.95,29.05,490500
2014-05-19,29.3,29.55,28.9,29.1,419900
2014-05-20,28.95,29.5,28.9,29.3,373100
2014-05-21,29.15,29.5,28.8,29.4,649600
2014-05-22,29.7,29.85,29.5,29.85,433600
2014-05-23,29.8,30.05,29.5,29.6,586000
2014-05-27,29.25,29.25,28.4,28.4,1312100
2014-05-28,28.35,28.55,28.15,28.35,1678700
2014-05-29,28.25,28.95,28.2,28.6,734200
2014-05-30,28.55,28.75,27.9,28.75,789200
2014-06-02,28.45,29.05,28.25,28.85,549100
2014-06-03,28.75,29.2,28.5,28.95,585900
2014-06-04,28.9,28.95,28.55,28.8,532300
2014-06-05,29.05,29.55,28.95,29.25,795700
2014-06-06,29.15,30.2,29.0,30.1,898900
2014-06-09,30.15,30.35,29.9,30.05,388400
2014-06-10,30.25,30.8,30.1,30.8,621800
2014-06-11,30.95,31.5,30.55,31.35,1012500
2014-06-12,31.6,32.35,31.5,32.3,1075900
2014-06-13,32.15,32.45,31.15,31.95,1249000
2014-06-16,32.2,32.25,31.6,31.8,635200
2014-06-17,31.4,32.1,31.3,31.75,459700
2014-06-18,31.7,32.75,31.55,32.7,618000
2014-06-19,33.3,35.65,33.2,35.6,2489800
2014-06-20,35.35,35.9,35.05,35.45,1259600
2014-06-23,35.45,36.4,35.15,36.2,605200
2014-06-24,36.45,36.55,34.65,34.7,914100
2014-06-25,34.7,35.9,34.55,35.2,784100
2014-06-26,34.95,35.75,34.9,35.65,566800
2014-06-27,36.05,38.15,36.0,37.8,1699200
2014-06-30,37.4,38.45,36.8,38.2,984100
2014-07-01,38.35,38.9,37.3,37.35,644400
2014-07-02,37.5,38.35,37.45,38.1,554000
2014-07-03,37.45,37.7,37.2,37.65,482300
2014-07-07,37.45,37.65,36.75,36.8,769700
2014-07-08,37.15,37.65,36.55,37.6,778200
2014-07-09,37.8,39.8,37.65,39.55,1319300
2014-07-10,40.1,40.5,37.7,37.95,1392700
2014-07-11,38.2,38.75,37.7,38.6,779600
2014-07-14,37.35,37.95,36.85,37.35,828300
2014-07-15,37.35,37.6,35.65,35.9,974500
2014-07-16,36.05,36.8,35.85,36.35,739500
2014-07-17,36.8,38.6,36.55,37.75,1151600
2014-07-18,37.15,37.85,37.0,37.7,634900
2014-07-21,38.0,38.2,37.2,37.7,564800
2014-07-22,37.6,37.85,37.05,37.2,455600
2014-07-23,37.35,37.7,37.1,37.6,775700
2014-07-24,37.2,37.5,36.8,37.25,747500
2014-07-25,37.15,39.0,37.05,38.95,812100
2014-07-28,38.8,38.9,38.1,38.45,612200
2014-07-29,38.7,38.85,37.95,38.2,342300
2014-07-30,38.0,38.05,37.15,37.8,532600
2014-07-31,37.35,37.9,36.95,37.1,697200
2014-08-01,38.45,40.0,38.4,39.55,1215400
2014-08-04,39.6,39.7,37.8,38.1,674900
2014-08-05,38.4,39.5,38.2,39.4,723100
2014-08-06,40.05,41.0,40.05,40.75,881000
2014-08-07,40.65,41.4,40.25,41.1,785700
2014-08-08,41.05,42.05,40.7,41.0,699400
2014-08-11,40.8,41.1,40.1,40.5,657900
2014-08-12,40.85,42.45,40.75,42.4,1103000
2014-08-13,42.5,42.85,41.95,42.55,822100
2014-08-14,42.5,43.0,41.5,41.85,802800
2014-08-15,41.2,41.8,40.65,41.3,769400
2014-08-18,41.1,41.55,40.9,41.3,430500
2014-08-19,41.2,41.25,40.5,41.05,621000
2014-08-20,41.1,41.55,40.5,40.85,420400
2014-08-21,40.25,40.7,39.25,39.6,1150800
2014-08-22,39.7,40.2,39.45,40.0,428900
2014-08-25,39.75,39.85,39.05,39.2,522700
2014-08-26,39.85,41.05,39.65,41.0,654200
2014-08-27,41.15,41.15,40.35,40.75,472900
2014-08-28,41.35,41.45,40.6,40.9,431800
2014-08-29,40.7,41.65,40.65,41.4,831500
2014-09-02,40.5,40.55,39.25,39.5,1025100
2014-09-03,39.45,39.9,39.35,39.55,552600
2014-09-04,39.85,39.9,37.5,37.7,688100
2014-09-05,38.05,38.45,37.6,38.3,781600
2014-09-08,38.1,38.1,36.75,37.0,749100
2014-09-09,36.95,37.6,36.35,37.55,762700
2014-09-10,37.0,37.85,36.65,37.15,767000
2014-09-11,36.85,37.95,36.55,37.9,831000
2014-09-12,37.4,38.6,37.1,38.2,1061700
2014-09-15,38.35,38.4,37.3,37.75,694600
2014-09-16,37.8,38.9,37.1,38.55,785400
2014-09-17,38.45,38.8,37.45,37.5,790600
2014-09-18,37.4,37.55,35.95,36.3,1057900
2014-09-19,35.95,36.2,34.4,34.7,1427300
2014-09-22,34.25,34.4,33.3,34.0,1280400
2014-09-23,34.8,35.8,34.5,35.45,972500
2014-09-24,34.95,35.8,34.7,35.15,970400
2014-09-25,34.65,35.3,34.15,35.15,1060900
2014-09-26,35.0,35.05,34.2,34.55,524400
2014-09-29,34.7,34.75,34.1,34.2,385500
2014-09-30,33.95,34.5,33.35,33.7,847200
2014-10-01,33.85,34.9,33.7,34.15,953400
2014-10-02,34.5,35.5,34.25,35.4,1067500
2014-10-03,35.05,35.15,34.4,34.55,1371200
2014-10-06,34.9,35.3,34.4,35.15,796000
2014-10-07,35.2,35.4,33.85,34.0,805400
2014-10-08,34.5,38.45,34.05,37.95,2410300
2014-10-09,37.85,37.85,36.4,37.35,1578800
2014-10-10,37.15,38.2,36.15,36.35,1169600
2014-10-13,37.2,39.1,36.75,37.5,1123100
2014-10-14,37.5,38.7,36.85,37.2,1470000
2014-10-15,37.8,39.65,37.35,38.1,1680400
2014-10-16,37.8,38.35,36.4,36.45,1719200
2014-10-17,36.5,36.55,34.75,35.0,1496300
2014-10-20,35.5,35.95,35.0,35.7,791900
2014-10-21,36.15,36.55,35.35,35.45,803800
2014-10-22,35.0,35.25,34.15,34.15,788900
2014-10-23,33.9,35.15,33.15,34.65,961000
2014-10-24,34.7,35.3,34.4,34.85,579100
2014-10-27,34.6,34.95,34.25,34.4,571600
2014-10-28,34.7,34.75,34.0,34.6,597800
2014-10-29,34.2,34.7,32.55,32.8,1209400
2014-10-30,32.25,32.45,30.1,30.3,1815600
2014-10-31,26.85,28.75,26.55,27.4,2344300
2014-11-03,27.8,27.85,26.55,27.15,1441600
2014-11-04,27.05,27.05,25.45,25.55,1441800
2014-11-05,24.75,26.9,24.75,25.05,2362800
2014-11-06,25.8,27.0,25.7,26.25,1595500
2014-11-07,27.0,28.35,26.8,28.2,1594200
2014-11-10,27.85,27.85,26.35,26.5,1369000
2014-11-11,26.85,29.6,26.8,28.9,1766600
2014-11-12,29.25,30.1,28.2,28.75,1263300
2014-11-13,29.1,30.15,28.5,28.75,1055100
2014-11-14,28.25,31.2,27.85,31.0,1677700
2014-11-17,30.8,32.2,30.4,31.7,1468900
2014-11-18,32.45,33.15,31.4,33.0,1715600
2014-11-19,32.75,33.05,30.7,30.85,2080600
2014-11-20,31.45,32.3,31.05,32.0,1030700
2014-11-21,32.7,33.0,31.3,31.6,1341900
2014-11-24,31.5,32.6,31.45,31.95,921300
2014-11-25,32.05,34.9,31.9,34.85,1734100
2014-11-26,34.85,35.0,34.3,34.4,1117200
2014-11-28,32.95,32.95,31.3,31.35,939700
2014-12-01,32.0,34.6,31.95,34.45,2214200
2014-12-02,33.55,34.8,32.9,33.7,1317300
2014-12-03,33.95,36.05,33.95,34.85,1268800
2014-12-04,34.75,35.7,33.75,33.95,884600
2014-12-05,33.4,33.8,32.3,33.2,899800
2014-12-08,34.0,34.8,32.35,34.2,1444700
2014-12-09,35.0,37.8,34.85,36.0,1593800
2014-12-10,35.75,36.8,34.3,34.6,1181900
2014-12-11,34.3,35.0,33.05,33.15,1437500
2014-12-12,33.1,33.15,31.8,32.05,1627200
2014-12-15,31.4,32.15,28.75,28.85,1590600
2014-12-16,30.05,30.5,28.85,29.1,1216100
2014-12-17,29.3,31.1,29.15,30.9,1462000
2014-12-18,31.85,32.15,31.0,31.9,1202800
2014-12-19,32.1,32.6,31.6,32.1,3064800
2014-12-22,31.85,31.9,29.25,29.35,1369300
2014-12-23,29.35,30.35,28.75,28.95,1025100
2014-12-24,28.85,30.15,28.85,29.85,588400
2014-12-26,31.0,31.3,30.15,30.75,619400
2014-12-29,30.7,30.7,29.3,29.55,760300
2014-12-30,30.35,30.95,30.1,30.4,1221800
2014-12-31,30.35,30.8,29.75,30.4,803800
2015-01-02,29.75,32.05,29.6,32.05,1155900
2015-01-05,32.5,33.6,31.95,33.55,1232300
2015-01-06,33.75,36.1,33.5,34.8,1904200
2015-01-07,33.85,34.6,33.3,33.6,1536400
2015-01-08,33.75,34.15,32.0,32.45,1309600
2015-01-09,32.9,34.05,32.7,33.7,796200
2015-01-12,33.85,35.9,33.8,35.05,1240900
2015-01-13,35.65,35.7,32.65,33.5,1327400
2015-01-14,34.3,34.3,32.2,33.45,1255600
2015-01-15,34.65,36.5,34.6,35.75,2771200
2015-01-16,36.25,37.5,35.95,36.95,1733700
2015-01-20,38.05,40.0,37.85,38.9,1614000
2015-01-21,33.35,34.0,30.05,31.05,6016000
2015-01-22,31.5,31.95,30.4,31.45,1904200
2015-01-23,31.2,31.2,28.25,28.35,2373600
2015-01-26,27.85,28.45,27.05,28.4,1580300
2015-01-27,29.15,29.85,28.55,29.75,1846600
2015-01-28,29.0,29.35,27.85,28.05,1438900
2015-01-29,27.05,28.2,26.75,27.85,1404100
2015-01-30,25.95,26.2,21.45,23.9,6627700
2015-02-02,24.1,26.15,24.0,25.9,3168800
2015-02-03,25.7,25.8,24.65,24.85,1323400
2015-02-04,25.1,25.5,24.85,25.3,1195100
2015-02-05,25.05,27.0,24.95,26.55,1082500
2015-02-06,25.45,26.4,25.1,25.25,1417300
2015-02-09,25.35,26.35,25.25,25.55,934700
2015-02-10,24.5,24.6,23.35,24.35,1205500
2015-02-11,24.45,24.75,23.45,23.9,1062900
2015-02-12,24.5,24.5,23.75,24.2,616800
2015-02-13,24.5,25.55,24.5,24.7,655500
2015-02-17,24.4,25.25,24.1,24.95,881800
2015-02-18,24.9,26.4,24.4,26.3,1336600
2015-02-19,26.3,26.35,24.9,25.1,1156700
2015-02-20,25.6,26.85,25.5,25.8,1118900
2015-02-23,25.5,26.7,25.35,26.5,921900
2015-02-24,26.15,26.45,25.55,26.3,928800
2015-02-25,27.5,28.45,26.8,27.2,1579700
2015-02-26,27.85,28.1,27.0,27.65,1240700
2015-02-27,27.75,29.0,27.75,29.0,1416900
2015-03-02,26.15,27.65,25.95,26.85,1806700
2015-03-03,27.0,27.7,25.8,25.95,1252600
2015-03-04,25.8,26.35,25.45,26.05,859500
2015-03-05,26.15,26.35,25.55,25.55,667000
2015-03-06,24.8,25.2,23.8,24.15,1493900
2015-03-09,24.25,24.4,22.75,23.25,1097700
2015-03-10,23.05,24.0,22.85,23.2,887800
2015-03-11,23.05,23.85,22.1,23.65,1079500
2015-03-12,24.05,24.3,23.05,23.6,916600
2015-03-13,23.7,24.25,22.9,24.2,1151400
2015-03-16,24.15,24.25,23.1,23.8,1148400
2015-03-17,23.4,24.1,23.0,23.3,1249400
2015-03-18,23.25,24.3,22.3,24.25,1784400
2015-03-19,23.95,24.6,23.7,24.4,1074400
2015-03-20,24.75,25.75,24.75,25.45,4067400
2015-03-23,25.45,25.7,24.95,25.35,1193000
2015-03-24,25.45,26.5,25.15,26.3,830600
2015-03-25,26.6,26.75,25.4,25.45,750300
2015-03-26,26.0,26.2,24.45,24.75,831200
2015-03-27,24.5,24.8,24.0,24.3,709300
2015-03-30,23.7,24.2,23.2,23.25,1024100
2015-03-31,23.25,23.65,22.75,22.95,832600
2015-04-01,23.5,24.8,23.4,24.8,1119200
2015-04-02,24.5,24.65,23.8,24.25,1204800
2015-04-06,25.35,25.4,24.7,24.9,862700
2015-04-07,24.45,25.1,24.35,24.55,566900
2015-04-08,24.55,24.75,23.55,23.85,873700
2015-04-09,23.6,23.75,23.25,23.5,597100
2015-04-10,24.0,24.3,23.8,24.25,557800
2015-04-13,24.15,24.35,23.25,23.25,838400
2015-04-14,23.6,24.6,23.55,24.35,735600
2015-04-15,24.4,25.8,24.4,25.55,1047800
2015-04-16,25.95,26.2,25.0,25.1,662300
2015-04-17,25.3,25.6,24.3,24.65,593500
2015-04-20,24.5,24.9,24.05,24.85,487200
2015-04-21,24.55,24.9,24.3,24.35,532400
2015-04-22,24.25,24.5,23.75,24.0,730000
2015-04-23,24.1,24.65,23.9,24.5,566100
2015-04-24,24.25,24.6,23.45,23.5,967600
2015-04-27,23.85,24.7,23.65,23.9,1231300
2015-04-28,24.05,25.15,24.0,25.05,1030700
2015-04-29,25.05,25.75,24.8,25.55,1309500
2015-04-30,24.5,25.5,24.3,24.8,1022300
2015-05-01,24.5,25.9,24.3,25.3,1517300
2015-05-04,25.7,25.75,24.6,25.0,963600
2015-05-05,25.4,25.6,24.5,24.6,676400
2015-05-06,24.85,24.95,23.75,23.9,772800
2015-05-07,23.85,24.65,23.85,24.65,658100
2015-05-08,24.8,25.1,24.3,24.95,742000
2015-05-11,25.0,25.45,24.9,25.3,365000
2015-05-12,25.3,25.85,25.25,25.8,527500
2015-05-13,26.0,26.6,25.75,25.95,949600
2015-05-14,26.2,26.8,25.8,25.85,858100
2015-05-15,25.6,26.25,25.5,25.65,586600
2015-05-18,25.8,25.9,25.3,25.45,327200
2015-05-19,25.25,25.5,24.1,24.2,1051000
2015-05-20,24.35,24.6,24.2,24.25,330300
2015-05-21,24.2,24.4,23.95,24.35,447800
2015-05-22,24.3,24.75,24.1,24.6,503000
2015-05-26,24.05,24.15,23.55,23.6,827900
2015-05-27,23.55,23.8,23.2,23.65,640900
2015-05-28,23.7,24.15,23.45,24.1,441600
2015-05-29,24.05,24.25,23.7,24.15,296600
2015-06-01,24.4,24.5,23.65,23.85,389800
2015-06-02,23.95,24.4,23.75,24.25,406200
2015-06-03,24.05,24.25,22.9,23.0,1080600
2015-06-04,22.85,22.95,22.65,22.75,437100
2015-06-05,22.5,23.1,22.3,22.8,565000
2015-06-08,22.95,22.95,22.35,22.9,371200
2015-06-09,22.95,23.2,22.55,22.65,450000
2015-06-10,23.2,23.3,22.5,22.7,442000
2015-06-11,22.55,22.55,21.6,21.75,1237600
2015-06-12,21.6,21.75,20.7,20.95,786500
2015-06-15,20.85,21.45,20.7,21.1,692000
2015-06-16,20.9,20.95,20.2,20.6,763600
2015-06-17,20.45,21.05,20.15,21.05,743100
2015-06-18,21.55,21.55,20.85,21.05,694200
2015-06-19,20.9,21.1,20.2,20.45,1893500
2015-06-22,20.05,21.0,20.0,20.8,637700
2015-06-23,20.6,20.9,20.5,20.7,432700
2015-06-24,20.7,21.15,20.65,20.8,360300
2015-06-25,20.85,20.95,20.1,20.2,505400
2015-06-26,20.15,20.3,20.0,20.05,515100
2015-06-29,19.8,20.4,19.75,20.2,867300
2015-06-30,20.15,20.95,20.0,20.7,990400
2015-07-01,20.6,21.0,20.05,20.05,611400
2015-07-02,20.2,20.5,20.0,20.45,546200
2015-07-06,20.25,21.0,20.15,20.65,660000
2015-07-07,20.2,20.45,19.85,19.95,897900
2015-07-08,20.1,20.35,19.85,19.95,303400
2015-07-09,20.3,20.3,19.25,19.35,561400
2015-07-10,19.35,19.45,18.85,19.25,663800
2015-07-13,19.0,19.15,18.4,18.7,813200
2015-07-14,18.7,19.45,18.65,19.0,359100
2015-07-15,18.85,18.85,17.95,17.95,506300
2015-07-16,17.95,18.85,17.8,18.6,609500
2015-07-17,18.25,18.45,16.85,17.0,812600
2015-07-20,16.1,16.7,16.0,16.1,1561400
2015-07-21,16.3,17.25,16.25,16.35,824100
2015-07-22,16.0,17.1,15.8,16.45,815600
2015-07-23,16.7,16.8,15.6,15.8,887300
2015-07-24,15.35,16.75,15.1,16.5,1316000
2015-07-27,16.45,17.3,15.8,16.05,1122100
2015-07-28,16.2,16.55,15.9,16.05,773600
2015-07-29,16.05,16.45,15.45,16.45,845200
2015-07-30,16.0,16.0,15.45,15.55,702400
2015-07-31,16.25,17.35,15.9,17.2,1109500
2015-08-03,17.2,17.6,16.55,16.85,604900
2015-08-04,16.95,17.2,16.3,16.55,835200
2015-08-05,16.7,16.85,15.9,16.0,604300
2015-08-06,16.15,16.5,15.75,16.2,812400
2015-08-07,16.2,16.85,16.1,16.6,1035900
2015-08-10,16.8,18.2,16.2,18.15,998200
2015-08-11,18.3,19.0,17.5,18.9,1303800
2015-08-12,19.5,20.35,19.15,20.3,1367300
2015-08-13,19.85,20.5,18.8,19.05,1181700
2015-08-14,19.9,20.55,19.5,19.6,1351700
2015-08-17,20.2,20.95,19.85,20.75,1253300
2015-08-18,20.5,21.15,20.2,20.95,865700
2015-08-19,19.5,19.95,18.0,19.4,1999600
2015-08-20,19.8,20.3,19.75,19.95,700600
2015-08-21,18.4,18.8,16.85,16.95,1758200
2015-08-24,15.95,16.5,15.5,15.65,1344900
2015-08-25,16.25,16.4,14.75,14.85,1504400
2015-08-26,14.75,14.8,13.6,14.4,1299400
2015-08-27,14.8,15.25,14.3,15.0,1659300
2015-08-28,15.05,15.7,14.8,15.3,1438600
2015-08-31,14.9,15.25,14.65,15.0,980400
2015-09-01,14.95,15.6,14.55,14.55,875900
2015-09-02,14.55,14.8,13.7,14.3,966900
2015-09-03,13.95,14.9,13.8,13.85,717600
2015-09-04,13.7,13.9,13.3,13.75,843500
2015-09-08,13.9,14.45,13.65,13.85,624900
2015-09-09,13.7,14.2,13.55,13.65,1131200
2015-09-10,13.85,14.05,13.3,13.35,775400
2015-09-11,13.3,13.7,12.25,13.7,1784000
2015-09-14,13.45,13.75,12.95,13.2,785700
2015-09-15,13.2,13.7,13.0,13.05,717000
2015-09-16,13.4,14.5,13.3,14.45,797400
2015-09-17,14.3,15.35,14.15,15.1,1384500
2015-09-18,15.5,16.05,14.85,15.85,3050800
2015-09-21,15.6,15.85,15.05,15.35,1033900
2015-09-22,15.0,15.0,14.4,14.7,976400
2015-09-23,14.95,15.1,14.35,14.45,574700
2015-09-24,14.85,16.0,14.65,16.0,1048900
2015-09-25,15.55,16.15,15.25,15.7,836500
2015-09-28,15.2,15.25,14.5,14.55,621300
2015-09-29,14.7,15.85,14.6,15.05,881300
2015-09-30,14.85,16.1,14.7,16.1,1155000
2015-10-01,16.3,16.5,15.1,15.25,855300
2015-10-02,15.85,17.1,15.6,16.95,1672900
2015-10-05,17.2,18.7,17.05,18.25,1736700
2015-10-06,18.75,19.55,18.45,19.15,1653600
2015-10-07,19.3,19.55,18.6,19.35,1377300
2015-10-08,18.8,20.1,18.6,18.7,1431500
2015-10-09,19.75,19.95,19.0,19.75,1386700
2015-10-12,20.15,20.2,18.25,18.4,922100
2015-10-13,18.5,19.25,18.15,18.75,703500
2015-10-14,19.25,20.25,19.0,20.1,1237300
2015-10-15,19.85,20.7,19.7,20.55,1200600
2015-10-16,20.4,20.7,19.75,19.85,1117800
2015-10-19,19.65,20.25,18.6,18.7,895300
2015-10-20,19.0,20.1,18.95,19.9,902200
2015-10-21,19.55,19.6,18.85,19.1,620000
2015-10-22,19.15,19.75,19.0,19.6,752300
2015-10-23,19.85,20.7,19.2,20.45,1027200
2015-10-26,20.4,20.55,19.55,19.65,716700
2015-10-27,19.5,20.05,19.3,20.0,497400
2015-10-28,20.3,20.9,18.55,19.3,1109400
2015-10-29,19.0,19.25,18.2,18.5,880100
2015-10-30,18.55,18.9,17.45,17.5,958500
2015-11-02,17.1,18.75,17.0,18.4,973000
2015-11-03,18.2,18.45,17.75,17.9,973000
2015-11-04,18.0,18.0,16.95,17.0,938000
2015-11-05,16.95,17.0,16.0,16.65,1211400
2015-11-06,15.95,16.8,15.7,16.2,912100
2015-11-09,16.1,17.0,15.65,16.85,1151800
2015-11-10,16.5,16.95,15.85,16.1,902100
2015-11-11,16.15,16.6,16.05,16.5,626200
2015-11-12,16.15,16.8,15.75,16.0,542800
2015-11-13,15.95,16.3,15.85,15.95,640000
2015-11-16,16.15,16.25,15.95,16.05,533700
2015-11-17,15.95,16.05,15.05,15.2,717900
2015-11-18,15.25,16.15,15.0,16.0,941200
2015-11-19,16.3,16.5,16.0,16.25,505700
2015-11-20,16.35,16.5,15.0,15.25,586600
2015-11-23,15.15,15.4,15.0,15.15,359200
2015-11-24,15.5,15.7,15.1,15.45,737800
2015-11-25,15.3,15.65,15.1,15.45,632200
2015-11-27,15.1,15.35,14.8,14.85,232400
2015-11-30,14.85,15.35,14.75,15.3,789300
2015-12-01,15.35,15.75,14.95,15.6,660700
2015-12-02,15.2,15.75,14.9,15.6,658600
2015-12-03,15.8,16.0,15.35,15.65,506900
2015-12-04,15.85,16.35,15.8,16.3,693100
2015-12-07,16.1,16.3,15.1,15.35,755000
2015-12-08,15.4,15.5,14.85,15.0,738800
2015-12-09,15.35,15.8,15.0,15.25,526500
2015-12-10,15.1,15.5,14.85,15.15,405700
2015-12-11,15.0,15.7,14.9,15.4,743500
2015-12-14,15.35,15.35,14.45,14.55,708700
2015-12-15,14.75,14.9,14.35,14.55,437500
2015-12-16,14.9,15.2,14.15,14.85,926400
2015-12-17,14.2,14.5,13.85,14.2,575600
2015-12-18,14.45,15.6,14.25,15.2,1429300
2015-12-21,15.55,16.05,15.15,15.85,688000
2015-12-22,15.8,16.25,15.55,15.6,473900
2015-12-23,15.7,16.1,15.6,15.7,456600
2015-12-24,15.85,16.25,15.75,16.15,200800
2015-12-28,15.9,15.9,15.05,15.2,381800
2015-12-29,15.4,15.65,15.15,15.45,481500
2015-12-30,15.25,15.25,14.8,15.0,473100
2015-12-31,14.95,15.2,14.55,14.85,701100
2016-01-04,15.15,15.5,14.65,15.4,885300
2016-01-05,15.45,15.6,14.95,15.0,567900
2016-01-06,15.3,15.5,15.15,15.4,640400
2016-01-07,15.65,16.75,15.55,16.4,805100
2016-01-08,15.95,16.5,15.7,16.25,692400
2016-01-11,16.55,16.55,14.85,15.35,670200
2016-01-12,12.8,13.0,11.6,12.4,2257100
2016-01-13,12.55,13.0,12.5,12.6,853200
2016-01-14,12.6,12.65,11.8,12.05,874200
2016-01-15,12.4,12.45,11.1,11.4,1144000
2016-01-19,11.55,11.7,10.35,10.65,1032400
2016-01-20,10.9,11.0,10.4,10.6,1437000
2016-01-21,10.5,10.95,10.1,10.8,1211700
2016-01-22,10.8,11.6,10.65,11.4,728900
2016-01-25,10.9,11.0,9.35,10.5,1804600
2016-01-26,10.65,11.55,10.35,11.15,846700
2016-01-27,11.1,11.5,10.65,11.5,773000
2016-01-28,11.3,11.45,10.95,11.1,559400
2016-01-29,11.15,11.5,11.05,11.2,565800
2016-02-01,11.4,12.1,11.2,11.6,712700
2016-02-02,11.5,11.55,11.05,11.4,404300
2016-02-03,11.45,12.45,11.4,12.35,990900
2016-02-04,12.7,14.1,12.7,13.5,1321400
2016-02-05,13.15,14.35,12.8,14.3,992300
2016-02-08,15.2,15.4,13.55,13.8,1667300
2016-02-09,14.05,14.1,13.0,13.1,1304300
2016-02-10,13.1,13.55,12.45,13.35,1276100
2016-02-11,14.9,15.6,14.3,15.15,1785200
2016-02-12,14.8,15.85,14.7,15.65,761100
2016-02-16,14.75,15.2,13.8,14.15,1265500
2016-02-17,14.5,14.6,13.55,13.95,1074400
2016-02-18,13.65,15.15,13.65,15.0,1348300
2016-02-19,14.75,15.2,14.4,14.6,1013100
2016-02-22,14.3,14.65,14.0,14.45,820700
2016-02-23,14.75,14.85,14.3,14.55,732900
2016-02-24,14.9,15.15,14.1,14.2,934100
2016-02-25,14.2,15.05,14.05,14.85,714100
2016-02-26,14.65,15.4,14.45,14.55,661500
2016-02-29,14.85,15.0,14.6,15.0,524300
2016-03-01,15.2,15.3,14.1,14.25,931300
2016-03-02,14.4,14.75,14.2,14.75,755000
2016-03-03,14.75,16.2,14.75,16.2,1352900
2016-03-04,16.3,17.8,16.15,17.35,2999200
2016-03-07,17.75,18.6,17.7,18.35,1652500
2016-03-08,18.35,18.6,17.05,17.35,1468200
2016-03-09,16.85,17.25,16.25,16.9,1064100
2016-03-10,17.1,18.4,17.0,18.1,1960400
2016-03-11,18.05,18.15,16.65,16.9,1953000
2016-03-14,16.9,17.15,16.05,16.1,1377000
2016-03-15,15.95,16.5,15.6,16.3,1054800
2016-03-16,16.25,17.85,15.8,17.8,1525600
2016-03-17,18.15,18.25,16.7,16.95,1725300
2016-03-18,16.8,17.5,16.65,17.1,3043500
2016-03-21,17.15,17.55,16.7,16.9,954000
2016-03-22,17.55,17.7,16.75,16.85,1392900
2016-03-23,16.2,16.55,15.7,15.7,1117400
2016-03-24,15.3,15.8,14.8,15.25,1149000
2016-03-28,15.5,15.6,14.9,15.1,937800
2016-03-29,15.35,15.9,14.9,15.8,1316300
2016-03-30,15.65,15.85,15.15,15.65,1051800
2016-03-31,15.9,16.1,15.7,15.8,1350900
2016-04-01,15.35,15.65,15.0,15.65,599800
2016-04-04,15.65,15.7,15.05,15.1,697500
2016-04-05,15.4,15.6,15.0,15.35,688800
2016-04-06,15.15,15.55,15.05,15.55,820900
2016-04-07,15.8,16.2,15.65,16.05,1202000
2016-04-08,16.55,17.55,16.4,17.0,2365900
2016-04-11,17.65,18.75,17.6,18.2,1932900
2016-04-12,18.6,19.15,17.95,18.8,1593400
2016-04-13,18.5,19.2,18.1,18.3,1115300
2016-04-14,18.25,18.35,17.35,17.85,799000
2016-04-15,17.95,18.6,17.5,18.4,1034600
2016-04-18,18.8,18.95,18.45,18.65,928500
2016-04-19,19.4,19.55,18.9,19.4,1380700
2016-04-20,19.4,19.9,18.7,18.95,1321400
2016-04-21,19.5,19.7,18.95,19.05,1386400
2016-04-22,18.9,19.7,18.8,19.0,1312900
2016-04-25,18.95,19.25,18.4,18.95,1226300
2016-04-26,19.25,19.6,18.65,19.3,965900
2016-04-27,19.55,19.75,18.9,19.4,970500
2016-04-28,19.6,20.5,19.3,20.2,1113800
2016-04-29,20.8,21.35,20.6,21.05,1592300
2016-05-02,21.45,21.45,20.3,20.85,1289400
2016-05-03,20.85,20.9,19.5,19.75,1634000
2016-05-04,19.4,19.95,18.5,18.55,1090600
2016-05-05,18.95,19.65,18.75,19.4,1254100
2016-05-06,19.9,21.0,19.7,20.55,1541800
2016-05-09,20.75,21.85,20.7,21.0,2432300
2016-05-10,21.45,23.15,20.95,22.8,1852300
2016-05-11,23.55,24.5,23.35,24.0,2564800
2016-05-12,23.7,24.65,23.2,23.65,2187800
2016-05-13,23.75,25.25,23.45,24.35,1676000
2016-05-16,25.5,25.8,24.6,24.6,1526200
2016-05-17,24.3,25.8,24.0,25.35,1343100
2016-05-18,25.3,25.45,22.6,22.8,1828100
2016-05-19,21.95,22.8,21.65,22.7,1260000
2016-05-20,23.05,23.2,22.05,22.55,2302800
2016-05-23,22.1,22.65,21.5,22.1,903000
2016-05-24,21.2,21.95,21.2,21.3,1308200
2016-05-25,20.95,22.5,20.65,22.25,1952500
2016-05-26,22.7,23.2,21.55,22.0,1159000
2016-05-27,21.7,21.95,20.7,21.15,1339500
2016-05-31,20.9,22.0,20.8,21.2,1126900
2016-06-01,21.25,21.9,20.85,21.3,976500
2016-06-02,21.25,21.95,20.8,21.45,1268000
2016-06-03,22.9,23.65,22.8,23.35,2249000
2016-06-06,23.7,24.0,23.05,23.8,1141700
2016-06-07,23.75,24.1,23.15,23.2,1209700
2016-06-08,24.15,24.55,23.3,23.4,1718700
2016-06-09,23.35,23.4,22.7,23.1,1628100
2016-06-10,23.35,23.8,22.2,22.3,1462400
2016-06-13,22.95,23.4,21.85,22.25,1440100
2016-06-14,22.4,22.5,20.6,20.85,2305200
2016-06-15,20.85,21.8,20.6,21.6,1758800
2016-06-16,22.4,22.5,20.65,20.85,1584000
2016-06-17,21.15,21.35,20.1,20.85,6565300
2016-06-20,20.4,21.5,20.15,21.1,1061600
2016-06-21,20.75,20.95,20.3,20.55,854100
2016-06-22,20.75,21.55,20.3,21.5,1444100
2016-06-23,21.4,21.55,20.9,21.0,975800
2016-06-24,23.0,23.15,21.4,22.0,2010400
2016-06-27,22.75,22.8,21.3,22.35,2163100
2016-06-28,21.9,22.4,21.5,21.55,1327600
2016-06-29,21.95,22.85,21.75,22.5,1263800
2016-06-30,22.75,22.75,21.9,22.5,976100
2016-07-01,22.95,23.7,22.85,23.55,1097300
2016-07-05,24.45,24.85,23.7,24.3,1693000
2016-07-06,24.9,25.35,24.35,25.2,1816600
2016-07-07,25.0,25.05,24.0,24.05,1174600
2016-07-08,24.15,25.3,23.75,25.2,1114300
2016-07-11,24.8,25.65,24.55,25.15,1427300
2016-07-12,25.0,25.2,24.25,24.55,1190000
2016-07-13,24.95,25.1,24.35,24.8,882200
2016-07-14,24.2,24.65,24.05,24.5,834300
2016-07-15,24.2,25.0,24.1,24.25,1036300
2016-07-18,24.15,24.4,23.7,24.3,975900
2016-07-19,24.1,24.4,23.35,23.45,783200
2016-07-20,22.7,22.85,21.4,21.6,1382800
2016-07-21,21.7,22.7,21.6,22.2,969600
2016-07-22,21.5,22.1,21.25,21.6,1072800
2016-07-25,21.2,21.25,20.0,20.25,1193700
2016-07-26,20.55,20.8,20.15,20.5,760000
2016-07-27,20.95,21.65,20.15,21.45,1033400
2016-07-28,21.7,21.9,21.0,21.5,813600
2016-07-29,21.75,21.95,20.35,20.45,1752400
2016-08-01,20.5,20.7,20.15,20.45,1168900
2016-08-02,21.05,21.4,20.6,20.65,1400200
2016-08-03,20.65,20.75,19.95,20.25,1303200
2016-08-04,20.4,20.8,20.35,20.55,1104100
2016-08-05,20.1,20.2,19.65,19.95,1333100
2016-08-08,19.95,20.5,19.8,20.05,583100
2016-08-09,20.3,20.6,20.05,20.25,549800
2016-08-10,21.25,21.55,20.7,20.8,986400
2016-08-11,20.95,21.3,20.65,20.85,900800
2016-08-12,21.2,21.35,20.9,20.95,972600
2016-08-15,21.2,21.55,20.95,21.1,962600
2016-08-16,21.3,21.55,21.1,21.25,945600
2016-08-17,21.05,21.9,20.55,21.45,1708300
2016-08-18,21.6,21.7,20.8,21.35,1209400
2016-08-19,20.9,21.2,20.5,20.7,905500
2016-08-22,20.3,20.45,20.05,20.3,844800
2016-08-23,20.45,20.5,19.6,19.65,856600
2016-08-24,19.35,19.45,18.0,18.25,1572900
2016-08-25,17.9,18.5,17.65,17.85,1492200
2016-08-26,18.25,18.9,17.4,17.8,1871600
2016-08-29,17.6,17.8,17.45,17.8,758500
2016-08-30,17.65,17.85,16.9,17.05,950900
2016-08-31,16.95,17.05,16.0,16.1,1791700
2016-09-01,15.85,16.75,15.7,16.4,2600600
2016-09-02,17.15,17.2,16.3,17.05,2026100
2016-09-06,17.4,18.55,17.4,18.45,2100400
2016-09-07,18.6,19.05,17.85,18.7,1562000
2016-09-08,18.55,19.15,18.3,18.5,1223700
2016-09-09,18.3,18.3,17.45,17.5,1512500
2016-09-12,17.4,19.1,17.3,18.8,2009900
2016-09-13,18.75,18.8,17.65,18.15,1716400
2016-09-14,18.8,19.1,18.3,18.65,1970600
2016-09-15,19.0,19.25,18.15,19.1,1397800
2016-09-16,18.95,19.95,18.9,19.95,2404200
2016-09-19,20.3,20.4,19.7,19.8,1185400
2016-09-20,19.8,20.25,19.65,19.95,871800
2016-09-21,20.4,21.15,20.05,21.1,1952000
2016-09-22,21.5,21.7,20.8,21.25,1818600
2016-09-23,21.15,21.35,20.35,20.65,1171100
2016-09-26,20.8,20.9,20.05,20.15,804800
2016-09-27,19.85,20.0,19.15,19.5,1242400
2016-09-28,19.5,20.35,19.45,20.25,1537100
2016-09-29,20.15,20.35,19.8,20.1,681900
2016-09-30,20.4,20.65,19.6,19.65,736800
2016-10-03,19.65,19.85,18.7,18.95,1161600
2016-10-04,18.15,18.2,17.35,17.5,1693000
2016-10-05,17.85,18.0,17.0,17.65,1105900
2016-10-06,16.7,17.6,16.7,17.35,1267800
2016-10-07,17.9,18.25,16.95,17.15,1277400
2016-10-10,17.55,17.75,17.3,17.45,624100
2016-10-11,17.1,17.6,17.1,17.25,837500
2016-10-12,17.3,18.2,17.05,17.85,1445400
2016-10-13,18.15,18.85,17.55,18.1,924200
2016-10-14,17.8,18.2,17.4,17.45,869300
2016-10-17,17.65,17.75,17.3,17.55,540000
2016-10-18,17.9,18.05,17.6,18.05,680800
2016-10-19,18.25,18.95,18.25,18.6,1005500
2016-10-20,18.8,18.85,18.25,18.8,684600
2016-10-21,18.6,18.8,18.4,18.65,627200
2016-10-24,18.7,18.9,17.5,17.85,899000
2016-10-25,18.0,18.25,17.8,18.05,1094300
2016-10-26,18.05,18.05,16.6,17.05,1231800
2016-10-27,17.0,17.1,16.5,16.65,798800
2016-10-28,16.65,17.4,16.35,16.65,1239800
2016-10-31,16.85,16.85,15.5,15.8,2632000
2016-11-01,16.45,16.85,16.15,16.5,1577400
2016-11-02,17.0,17.5,16.2,16.55,2092000
2016-11-03,16.55,17.15,16.25,16.65,1162200
2016-11-04,16.7,16.95,15.9,16.4,1148900
2016-11-07,15.95,16.1,15.55,15.85,793500
2016-11-08,16.0,16.4,15.45,15.7,1079800
2016-11-09,16.8,16.9,15.25,15.75,1837300
2016-11-10,15.65,15.65,14.3,14.45,2011200
2016-11-11,14.4,14.65,13.1,13.3,2529300
2016-11-14,13.2,13.85,12.7,13.0,2733700
2016-11-15,13.2,14.35,13.1,14.35,1530600
2016-11-16,14.1,14.35,13.65,14.15,1683300
2016-11-17,14.35,14.55,13.35,13.75,1364600
2016-11-18,13.65,13.8,13.4,13.7,1090600
2016-11-21,14.0,14.25,13.85,14.1,812100
2016-11-22,14.25,14.35,13.85,14.1,1039000
2016-11-23,13.5,13.55,12.9,13.25,1400400
2016-11-25,13.45,13.55,13.05,13.3,835600
2016-11-28,13.65,13.95,13.1,13.9,1171000
2016-11-29,13.75,13.75,13.35,13.55,713000
2016-11-30,13.45,13.8,13.15,13.7,1036800
2016-12-01,13.65,14.1,13.35,13.75,995300
2016-12-02,13.9,14.5,13.85,14.45,1335300
2016-12-05,14.25,15.15,14.0,14.75,1265000
2016-12-06,14.75,15.4,14.6,15.15,1298500
2016-12-07,15.3,15.75,14.85,14.95,1385000
2016-12-08,14.95,15.2,14.75,15.1,978000
2016-12-09,15.0,15.15,14.5,14.6,1299400
2016-12-12,14.85,15.5,14.75,15.2,1019400
2016-12-13,15.25,15.3,14.65,14.95,951400
2016-12-14,15.05,15.3,14.1,14.15,1869900
2016-12-15,13.55,14.2,13.1,13.6,2686500
2016-12-16,13.75,14.3,13.4,13.75,2516700
2016-12-19,14.0,14.7,13.8,14.15,1901000
2016-12-20,13.95,14.9,13.75,14.8,1188400
2016-12-21,14.8,15.5,14.7,15.3,1414900
2016-12-22,15.2,15.55,14.8,15.0,963900
2016-12-23,14.95,15.25,14.95,15.25,501600
2016-12-27,15.45,15.65,15.25,15.65,675100
2016-12-28,15.6,16.05,15.45,16.0,933300
2016-12-29,16.25,17.05,16.0,16.9,1440400
2016-12-30,16.8,17.2,16.0,16.1,1422100
2017-01-03,16.25,16.9,16.2,16.7,1058900
2017-01-04,16.9,17.1,16.5,17.1,1127200
2017-01-05,17.45,18.15,17.4,17.95,1369200
2017-01-06,17.6,18.1,16.65,17.0,1613000
2017-01-09,17.1,17.2,16.6,16.75,1032700
2017-01-10,17.0,17.4,16.5,16.85,896600
2017-01-11,16.7,17.55,16.15,17.25,2007000
2017-01-12,17.75,17.8,16.35,16.65,1752800
2017-01-13,16.45,17.3,16.3,17.0,932300
2017-01-17,17.65,17.75,16.95,17.2,1346200
2017-01-18,17.15,17.4,16.4,16.75,1423700
2017-01-19,16.5,16.95,16.3,16.7,900000
2017-01-20,16.75,17.45,16.6,17.3,857600
2017-01-23,17.55,17.7,17.25,17.65,701100
2017-01-24,17.7,17.9,17.35,17.85,1155400
2017-01-25,17.5,17.75,17.15,17.55,888100
2017-01-26,17.25,17.35,16.75,16.8,1054100
2017-01-27,16.8,17.2,16.7,17.15,541900
2017-01-30,17.25,17.45,16.9,17.0,608400
2017-01-31,17.5,17.7,17.15,17.65,1168300
2017-02-01,17.55,18.0,17.25,17.7,1134600
2017-02-02,18.15,18.25,17.65,18.0,813200
2017-02-03,17.9,18.25,17.8,18.0,605300
2017-02-06,18.3,19.0,18.0,18.95,1004600
2017-02-07,18.8,19.35,18.7,18.85,977300
2017-02-08,19.15,19.55,18.95,19.25,1433500
2017-02-09,19.25,19.45,18.55,18.65,773600
2017-02-10,18.35,19.0,18.25,18.95,1002200
2017-02-13,18.7,18.8,18.3,18.4,949000
2017-02-14,18.75,18.8,18.1,18.6,833800
2017-02-15,18.25,18.9,18.15,18.4,935100
2017-02-16,18.45,19.15,18.45,19.0,715200
2017-02-17,19.0,19.1,18.3,18.3,794200
2017-02-21,18.1,18.3,17.85,18.15,684900
2017-02-22,18.1,18.4,17.6,18.25,985700
2017-02-23,18.55,18.65,17.95,18.05,974400
2017-02-24,18.3,18.35,16.1,16.1,1880200
2017-02-27,16.4,17.15,15.7,15.8,1297500
2017-02-28,15.95,16.35,15.25,15.3,1643500
2017-03-01,15.15,15.7,14.95,15.4,1147300
2017-03-02,15.15,15.4,14.4,14.45,1332000
2017-03-03,14.65,14.85,14.25,14.75,1045700
2017-03-06,14.75,14.75,13.8,14.3,1237500
2017-03-07,14.25,14.55,13.8,13.85,933200
2017-03-08,13.75,14.45,13.7,14.3,1344300
2017-03-09,14.25,14.45,14.0,14.3,1365700
2017-03-10,14.4,15.0,14.05,14.9,952500
2017-03-13,15.0,15.15,14.7,14.9,881900
2017-03-14,14.8,15.2,14.05,14.25,888300
2017-03-15,14.3,15.65,14.2,15.55,1520200
2017-03-16,15.95,16.05,15.45,15.45,982500
2017-03-17,15.5,15.75,15.15,15.5,1482100
2017-03-20,15.5,15.65,15.05,15.4,881900
2017-03-21,15.45,16.1,15.15,15.85,1212800
2017-03-22,15.85,16.05,15.55,15.75,619000
2017-03-23,15.8,15.9,15.4,15.85,847800
2017-03-24,15.7,16.0,15.65,15.7,439300
2017-03-27,15.95,16.5,15.75,16.25,733700
2017-03-28,16.35,16.45,15.65,15.8,849100
2017-03-29,16.55,17.7,16.35,17.4,1711300
2017-03-30,17.4,17.7,17.25,17.4,884900
2017-03-31,17.5,17.7,17.0,17.05,1091100
2017-04-03,17.05,17.4,17.0,17.2,860900
2017-04-04,17.2,17.4,17.05,17.2,586300
2017-04-05,17.1,17.3,16.6,17.1,1153000
2017-04-06,17.2,17.55,17.15,17.25,735300
2017-04-07,17.65,18.05,17.15,17.35,1006100
2017-04-10,17.25,17.5,17.05,17.4,609600
2017-04-11,17.65,18.1,17.45,17.8,766700
2017-04-12,17.75,18.0,17.3,17.75,1078900
2017-04-13,18.15,18.9,18.05,18.45,2302000
2017-04-17,18.6,18.75,18.35,18.45,798700
2017-04-18,18.2,18.65,17.95,18.6,1053700
2017-04-19,18.3,18.45,17.85,18.1,2241300
2017-04-20,17.95,18.3,17.8,18.0,1151300
2017-04-21,17.95,18.05,17.65,18.0,1225700
2017-04-24,17.4,18.0,17.25,17.8,1086600
2017-04-25,17.45,17.65,16.8,17.0,1470300
2017-04-26,16.8,17.5,16.55,17.5,1585100
2017-04-27,17.4,17.5,16.6,16.9,1433700
2017-04-28,16.75,18.4,16.6,18.3,1540200
2017-05-01,18.1,18.4,16.95,17.1,1412000
2017-05-02,17.1,17.4,16.95,17.3,1354300
2017-05-03,17.25,18.0,17.1,17.4,1799800
2017-05-04,17.15,17.15,16.5,16.6,1069800
2017-05-05,16.65,17.25,16.55,17.1,1199000
2017-05-08,17.1,18.0,17.1,17.75,1603200
2017-05-09,17.6,17.85,17.35,17.75,1072600
2017-05-10,18.0,18.25,17.85,18.0,1040100
2017-05-11,18.0,18.45,17.9,18.35,1251500
2017-05-12,18.55,18.8,18.0,18.3,1081700
2017-05-15,17.8,17.85,16.45,17.0,2370500
2017-05-16,17.0,17.0,16.55,16.9,1625600
2017-05-17,17.25,17.25,16.35,16.65,3130000
2017-05-18,16.45,17.1,16.4,16.85,3940000
2017-05-19,16.9,17.4,16.75,17.3,2659900
2017-05-22,17.4,18.3,17.4,18.05,1305500
2017-05-23,17.65,17.75,16.9,17.0,2263800
2017-05-24,16.9,17.3,16.65,17.2,1494900
2017-05-25,17.15,17.3,16.9,17.15,857000
2017-05-26,17.4,17.4,16.7,16.75,1154200
2017-05-30,16.2,16.35,15.85,15.95,1404800
2017-05-31,15.95,16.05,14.9,15.25,2774600
2017-06-01,15.15,15.7,15.0,15.3,837600
2017-06-02,15.75,15.75,15.0,15.15,935400
2017-06-05,15.2,15.25,14.85,15.1,793700
2017-06-06,15.45,16.15,15.4,16.15,1862800
2017-06-07,15.85,16.2,15.5,15.8,1273600
2017-06-08,15.35,15.5,14.1,14.3,2693600
2017-06-09,14.2,14.7,14.1,14.5,1203300
2017-06-12,14.5,14.5,13.15,13.6,3786700
2017-06-13,13.75,14.15,13.5,14.05,1797800
2017-06-14,14.35,14.65,13.4,13.45,1957300
2017-06-15,13.15,13.6,13.05,13.35,2305600
2017-06-16,13.35,13.9,13.25,13.75,10061100
2017-06-19,13.45,14.2,13.4,13.95,1672900
2017-06-20,13.95,14.05,13.6,13.75,777700
2017-06-21,13.8,13.95,13.7,13.85,698200
2017-06-22,14.1,14.2,13.85,14.05,721800
2017-06-23,14.15,14.6,14.0,14.55,1120700
2017-06-26,14.3,14.45,14.2,14.45,566700
2017-06-27,14.55,14.65,14.05,14.1,738100
2017-06-28,13.65,13.75,13.3,13.35,1867000
2017-06-29,13.1,13.25,12.7,12.9,1295500
2017-06-30,12.7,13.25,12.5,13.2,1541600
2017-07-03,13.0,13.15,12.8,12.85,606200
2017-07-05,13.05,13.05,12.5,12.85,1252100
2017-07-06,12.8,12.95,12.65,12.8,763100
2017-07-07,12.65,12.75,12.05,12.1,1421800
2017-07-10,12.2,12.35,12.05,12.15,1979300
2017-07-11,12.1,12.25,11.9,12.15,1276500
2017-07-12,12.2,12.4,12.1,12.15,968000
2017-07-13,12.2,12.35,11.9,12.05,806100
2017-07-14,12.35,12.4,12.0,12.05,965700
2017-07-17,12.1,12.4,12.1,12.25,750700
2017-07-18,12.4,12.5,12.25,12.4,598600
2017-07-19,12.35,12.55,12.25,12.45,612200
2017-07-20,12.35,12.75,12.35,12.7,918800
2017-07-21,12.85,13.0,12.4,12.5,893500
2017-07-24,12.5,12.65,12.2,12.2,614400
2017-07-25,12.2,12.45,12.1,12.1,697200
2017-07-26,12.1,12.45,11.95,12.35,1525300
2017-07-27,12.4,12.4,11.95,12.0,1056400
2017-07-28,11.75,12.05,11.15,11.3,1853100
2017-07-31,10.35,10.65,10.25,10.6,1982800
2017-08-01,10.5,10.55,10.15,10.4,1445100
2017-08-02,10.5,10.5,9.9,9.95,1624500
2017-08-03,9.9,10.0,9.2,9.25,2160800
2017-08-04,9.35,9.5,8.85,9.15,1870700
2017-08-07,9.4,10.1,9.25,9.65,1295000
2017-08-08,9.8,9.85,9.25,9.5,1036500
2017-08-09,9.75,10.0,9.6,9.6,1346000
2017-08-10,9.75,9.8,9.55,9.65,1029900
2017-08-11,9.7,10.1,9.6,10.0,1051300
2017-08-14,10.1,10.1,9.5,9.55,871000
2017-08-15,9.45,9.65,9.35,9.4,1065700
2017-08-16,9.35,9.6,9.15,9.45,967000
2017-08-17,9.65,9.7,9.25,9.35,709200
2017-08-18,9.55,9.6,9.3,9.5,950100
2017-08-21,9.55,9.65,9.4,9.55,755800
2017-08-22,9.55,9.6,9.45,9.45,567300
2017-08-23,9.55,9.6,9.4,9.55,421600
2017-08-24,9.55,9.7,9.45,9.65,572300
2017-08-25,9.75,9.8,9.45,9.8,834800
2017-08-28,9.95,10.35,9.9,10.35,1089100
2017-08-29,10.7,10.7,10.05,10.15,1483500
2017-08-30,10.1,10.25,9.85,9.95,778800
2017-08-31,10.0,10.3,9.85,10.3,691400
2017-09-01,10.4,10.45,10.15,10.4,575300
2017-09-05,10.5,10.6,10.35,10.5,1325400
2017-09-06,10.5,10.65,10.25,10.3,1008600
2017-09-07,10.45,10.6,10.3,10.55,626500
2017-09-08,10.55,10.6,10.25,10.3,670900
2017-09-11,9.7,9.95,9.5,9.65,1200700
2017-09-12,9.55,9.95,9.35,9.85,1110900
2017-09-13,10.5,12.2,10.4,11.45,4782800
2017-09-14,11.6,11.95,11.4,11.9,1803700
2017-09-15,12.1,12.2,11.45,11.6,3885700
2017-09-18,11.5,11.7,11.45,11.6,2837700
2017-09-19,11.6,11.75,10.85,11.25,2125300
2017-09-20,11.25,11.6,11.0,11.05,2284700
2017-09-21,11.4,11.55,11.1,11.2,1494300
2017-09-22,11.35,11.45,11.2,11.3,669500
2017-09-25,11.35,11.8,11.3,11.75,996700
2017-09-26,11.65,11.7,11.25,11.3,709400
2017-09-27,11.15,11.25,10.9,11.1,1445800
2017-09-28,11.15,11.5,11.1,11.5,2145300
2017-09-29,11.35,11.4,10.95,11.0,1577300
2017-10-02,10.95,11.1,10.9,10.95,1043900
2017-10-03,11.0,11.05,10.85,11.05,1006300
2017-10-04,11.05,11.3,10.85,11.25,1119700
2017-10-05,11.25,11.35,11.0,11.1,768900
2017-10-06,11.0,11.4,10.9,11.3,592900
2017-10-09,11.35,11.75,11.35,11.75,588400
2017-10-10,11.55,11.65,11.15,11.35,1068400
2017-10-11,11.45,11.45,10.9,11.3,738300
2017-10-12,11.25,11.35,11.05,11.25,882900
2017-10-13,11.3,11.35,11.1,11.3,426000
2017-10-16,11.2,11.3,10.85,10.9,773800
2017-10-17,10.75,11.1,10.7,11.0,571700
2017-10-18,10.9,11.05,10.65,10.65,1279400
2017-10-19,10.75,11.0,10.7,10.9,1170600
2017-10-20,10.8,10.95,10.65,10.85,674600
2017-10-23,9.45,9.45,7.75,7.75,7419500
2017-10-24,8.1,8.15,7.4,7.4,3651000
2017-10-25,7.5,7.55,6.45,6.5,4629400
2017-10-26,6.65,6.75,6.2,6.55,2427500
2017-10-27,6.6,6.85,6.3,6.45,2466800
2017-10-30,6.65,6.85,6.45,6.8,1779900
2017-10-31,6.5,6.6,6.1,6.25,4341400
2017-11-01,6.4,6.4,6.2,6.25,1448900
2017-11-02,6.25,6.35,6.1,6.25,2099000
2017-11-03,6.3,6.3,6.1,6.25,1073400
2017-11-06,6.2,6.4,6.1,6.3,1006700
2017-11-07,6.2,6.25,6.0,6.1,1050100
2017-11-08,6.15,6.2,5.95,6.05,1042100
2017-11-09,5.95,6.4,5.85,6.4,1282600
2017-11-10,6.45,6.45,6.0,6.05,1032300
2017-11-13,6.0,6.1,5.8,5.85,1372100
2017-11-14,5.95,5.95,5.75,5.85,743100
2017-11-15,5.95,6.0,5.65,5.75,1266000
2017-11-16,5.75,6.05,5.75,6.0,1200500
2017-11-17,6.05,6.4,6.05,6.3,1966600
2017-11-20,6.25,6.35,6.05,6.1,1002400
2017-11-21,6.1,6.2,5.9,5.9,887600
2017-11-22,6.0,6.25,5.95,6.25,1102000
2017-11-24,6.25,6.3,6.1,6.15,504000
2017-11-27,6.3,6.3,5.9,5.9,918100
2017-11-28,6.0,6.05,5.85,5.95,743500
2017-11-29,5.9,5.95,5.7,5.75,1107700
2017-11-30,5.7,5.85,5.65,5.65,1041600
2017-12-01,5.7,5.95,5.6,5.8,1110400
2017-12-04,5.8,5.8,5.7,5.75,560600
2017-12-05,5.7,5.8,5.55,5.6,1122900
2017-12-06,5.65,5.7,5.5,5.6,857600
2017-12-07,5.55,5.85,5.5,5.8,1199100
2017-12-08,5.75,6.15,5.7,5.8,1784900
2017-12-11,5.85,6.25,5.8,6.2,2632600
2017-12-12,6.2,6.25,6.0,6.05,1179200
2017-12-13,6.05,6.45,6.0,6.3,2365000
2017-12-14,6.35,6.45,6.2,6.35,1180800
2017-12-15,6.4,6.45,6.15,6.45,6677500
2017-12-18,6.4,6.55,6.2,6.3,1630400
2017-12-19,6.25,6.4,6.2,6.3,899100
2017-12-20,6.25,6.4,6.15,6.35,1064600
2017-12-21,6.35,6.4,6.2,6.3,1050100
2017-12-22,6.3,6.7,6.25,6.7,1322600
2017-12-26,6.75,7.35,6.75,7.05,2138800
2017-12-27,7.05,7.2,6.9,7.1,1536800
2017-12-28,7.2,7.25,6.75,7.2,1842200
2017-12-29,7.25,7.35,7.0,7.15,1812400
2018-01-02,7.3,7.3,7.05,7.2,1867300
2018-01-03,7.25,7.25,6.8,6.95,1908400
2018-01-04,7.0,7.05,6.85,7.05,1217900
2018-01-05,7.0,7.15,6.85,7.05,1302700
2018-01-08,7.05,7.05,6.5,6.6,3133900
2018-01-09,6.6,6.6,6.25,6.3,2267900
2018-01-10,6.35,6.5,6.25,6.35,1672700
2018-01-11,6.35,6.5,6.25,6.35,1580500
2018-01-12,6.5,6.55,6.4,6.45,2212000
2018-01-16,6.5,6.75,6.45,6.75,1679800
2018-01-17,7.0,7.0,6.65,6.8,2496000
2018-01-18,6.85,6.9,6.6,6.65,1337400
2018-01-19,6.75,6.8,6.65,6.7,838600
2018-01-22,6.65,6.75,6.55,6.7,751900
2018-01-23,6.7,7.05,6.65,7.05,1641500
2018-01-24,7.2,7.35,7.0,7.15,2025200
2018-01-25,7.2,7.2,6.8,6.85,2626400
2018-01-26,6.9,7.1,6.65,6.75,1439100
2018-01-29,6.7,6.7,6.35,6.35,1647900
2018-01-30,6.45,6.5,6.25,6.25,2108000
2018-01-31,6.35,6.65,6.25,6.5,2092300
2018-02-01,6.55,6.55,6.35,6.5,1312600
2018-02-02,6.35,6.4,6.05,6.1,2493500
2018-02-05,6.1,6.25,6.05,6.15,2052100
2018-02-06,6.05,6.25,5.9,5.95,2390300
2018-02-07,6.0,6.2,5.95,6.05,2137900
2018-02-08,6.1,6.4,6.05,6.15,2782900
2018-02-09,6.15,6.2,5.65,5.7,2998200
2018-02-12,5.8,6.05,5.75,5.8,2608800
2018-02-13,5.85,5.9,5.55,5.65,2528700
2018-02-14,5.65,6.0,5.55,5.8,4217400
2018-02-15,5.85,5.95,5.65,5.8,3076200
2018-02-16,5.75,5.9,5.55,5.6,2217000
2018-02-20,5.65,5.65,5.4,5.45,1539500
2018-02-21,5.5,5.7,5.45,5.5,2105700
2018-02-22,5.5,5.7,5.45,5.45,1889000
2018-02-23,5.45,5.5,5.4,5.4,1113800
2018-02-26,5.45,5.6,5.4,5.55,981500
2018-02-27,5.55,5.55,5.3,5.3,1177600
2018-02-28,5.35,5.5,5.3,5.3,1347800
2018-03-01,5.25,5.6,5.25,5.45,2192300
2018-03-02,5.6,5.65,5.35,5.5,2117500
2018-03-05,5.55,5.75,5.45,5.7,1472500
2018-03-06,5.85,5.9,5.7,5.7,1176400
2018-03-07,5.75,5.8,5.45,5.5,1146000
2018-03-08,5.5,5.5,5.35,5.4,1824900
2018-03-09,5.45,5.65,5.4,5.55,2326700
2018-03-12,5.6,5.65,5.45,5.55,1588300
2018-03-13,5.55,5.65,5.4,5.4,1769800
2018-03-14,5.4,5.55,5.35,5.45,1728500
2018-03-15,5.4,5.45,5.25,5.45,2715600
2018-03-16,5.4,5.5,5.3,5.35,6211900
2018-03-19,5.4,5.5,5.3,5.3,1975500
2018-03-20,5.3,5.35,5.15,5.15,1806300
2018-03-21,5.25,5.3,5.1,5.2,2922800
2018-03-22,4.95,5.05,4.6,4.6,4670800
2018-03-23,4.85,4.9,4.5,4.5,2472100
2018-03-26,4.65,4.65,4.25,4.35,3037300
2018-03-27,4.3,4.35,4.0,4.2,3567600
2018-03-28,4.15,4.3,4.05,4.05,1713500
2018-03-29,4.2,4.25,4.05,4.2,1938400
2018-04-02,4.25,4.3,4.1,4.15,2523500
2018-04-03,4.2,4.6,4.15,4.55,3091300
2018-04-04,5.0,5.1,4.55,4.65,3525200
2018-04-05,4.7,4.85,4.6,4.75,2274000
2018-04-06,4.8,4.95,4.75,4.9,2814200
2018-04-09,4.95,5.0,4.8,4.85,3610500
2018-04-10,4.95,4.95,4.75,4.9,2875700
2018-04-11,5.0,5.15,4.95,5.05,1705900
2018-04-12,5.0,5.05,4.85,4.9,4743800
2018-04-13,4.8,4.9,4.65,4.7,4548000
2018-04-16,4.75,4.9,4.7,4.85,5473100
2018-04-17,4.85,4.95,4.7,4.9,3262700
2018-04-18,4.95,5.05,4.85,4.95,1823100
2018-04-19,5.0,5.05,4.8,4.9,1955800
2018-04-20,4.85,4.9,4.75,4.9,1957500
2018-04-23,4.85,4.85,4.65,4.75,3168900
2018-04-24,4.75,4.75,4.65,4.7,1058700
2018-04-25,4.7,4.8,4.65,4.75,2010800
2018-04-26,4.8,4.85,4.7,4.7,1291300
2018-04-27,4.65,4.8,4.5,4.8,2220600
2018-04-30,4.65,4.8,4.65,4.75,1311900
2018-05-01,4.7,4.8,4.65,4.65,2459100
2018-05-02,4.65,5.1,4.65,5.1,3176700
2018-05-03,5.1,5.2,4.8,4.85,1522300
2018-05-04,4.85,5.1,4.85,5.05,732500
2018-05-07,5.05,5.1,4.9,4.9,683000
2018-05-08,4.9,5.05,4.8,4.9,1104900
2018-05-09,5.0,5.0,4.8,4.85,1703300
2018-05-10,4.9,4.9,4.8,4.8,709400
2018-05-11,4.75,4.8,4.7,4.75,940500
2018-05-14,4.75,4.85,4.75,4.75,642300
2018-05-15,4.75,4.85,4.65,4.75,623500
2018-05-16,4.75,4.8,4.75,4.75,424500
2018-05-17,4.8,4.95,4.75,4.9,757900
2018-05-18,5.0,5.1,4.95,5.0,1456400
2018-05-21,5.0,5.05,4.75,4.75,1363400
2018-05-22,4.95,5.6,4.9,5.55,2113200
2018-05-23,5.55,5.95,5.55,5.75,2143300
2018-05-24,5.9,6.05,5.7,5.75,1620300
2018-05-25,5.8,5.8,5.6,5.65,716700
2018-05-29,5.6,5.7,5.55,5.6,714500
2018-05-30,5.6,5.8,5.55,5.7,893000
2018-05-31,5.75,5.8,5.6,5.6,505300
2018-06-01,5.65,5.7,5.45,5.55,799400
2018-06-04,5.55,5.6,5.45,5.45,497200
2018-06-05,5.5,5.8,5.4,5.75,946400
2018-06-06,5.75,5.85,5.55,5.65,815000
2018-06-07,5.7,5.75,5.6,5.65,477500
2018-06-08,5.7,5.75,5.6,5.65,412200
2018-06-11,5.7,5.9,5.65,5.8,990500
2018-06-12,5.75,5.85,5.6,5.7,605300
2018-06-13,5.7,5.9,5.6,5.8,691500
2018-06-14,5.85,5.9,5.8,5.85,661000
2018-06-15,5.75,5.85,5.7,5.8,1783400
2018-06-18,5.8,5.85,5.75,5.75,306300
2018-06-19,5.65,5.75,5.6,5.7,585600
2018-06-20,5.75,5.8,5.6,5.6,418700
2018-06-21,5.65,5.65,5.45,5.6,576000
2018-06-22,5.6,5.65,5.45,5.55,441900
2018-06-25,5.5,5.55,5.4,5.4,510000
2018-06-26,5.45,5.45,5.2,5.3,508200
2018-06-27,5.25,5.3,4.7,4.8,2129700
2018-06-28,4.9,4.9,4.75,4.9,1087000
2018-06-29,4.9,5.0,4.85,4.95,413000
2018-07-02,4.95,4.95,4.8,4.9,378800
2018-07-03,5.0,5.1,4.95,5.1,393900
2018-07-05,5.1,5.2,5.0,5.2,640500
2018-07-06,5.2,5.3,5.1,5.25,449700
2018-07-09,5.3,5.35,5.15,5.15,552900
2018-07-10,5.2,5.35,5.1,5.25,380000
2018-07-11,5.25,5.4,5.2,5.25,700900
2018-07-12,5.2,5.45,5.15,5.35,539200
2018-07-13,5.3,5.55,5.3,5.4,510900
2018-07-16,5.35,5.5,5.3,5.45,389800
2018-07-17,5.3,5.45,5.3,5.35,869300
2018-07-18,5.3,5.45,5.3,5.4,668700
2018-07-19,5.35,5.5,5.3,5.35,642900
2018-07-20,5.35,5.75,5.35,5.7,1887900
2018-07-23,5.6,5.7,5.55,5.7,608800
2018-07-24,5.65,5.8,5.6,5.7,805100
2018-07-25,5.7,5.8,5.6,5.7,527500
2018-07-26,5.6,5.75,5.2,5.25,1111300
2018-07-27,5.35,5.6,5.3,5.35,740500
2018-07-30,5.35,5.55,5.25,5.35,555100
2018-07-31,5.35,5.5,5.35,5.45,416100
2018-08-01,5.45,5.5,5.1,5.1,1443700
2018-08-02,5.15,5.35,5.1,5.15,908700
2018-08-03,5.15,5.4,5.15,5.3,476300
2018-08-06,5.3,5.4,5.2,5.25,280800
2018-08-07,5.25,5.4,5.15,5.15,379000
2018-08-08,5.2,5.35,5.15,5.3,364300
2018-08-09,5.3,5.35,5.15,5.2,298000
2018-08-10,5.15,5.25,5.05,5.1,634200
2018-08-13,5.05,5.15,4.8,4.85,1488000
2018-08-14,4.95,5.05,4.9,4.95,736200
2018-08-15,4.95,4.95,4.55,4.65,1339000
2018-08-16,4.7,4.9,4.5,4.55,1219400
2018-08-17,4.6,4.8,4.6,4.7,963700
2018-08-20,4.85,4.9,4.7,4.85,455100
2018-08-21,4.9,5.0,4.8,5.0,557800
2018-08-22,5.05,5.15,4.9,4.95,1367200
2018-08-23,4.95,5.05,4.8,4.8,847600
2018-08-24,5.0,5.15,4.9,5.1,948300
2018-08-27,5.1,5.3,5.05,5.15,690000
2018-08-28,5.25,5.25,5.0,5.05,460700
2018-08-29,4.8,5.1,4.7,5.0,581400
2018-08-30,4.95,5.05,4.95,5.0,432500
2018-08-31,5.0,5.0,4.8,4.9,919500
2018-09-04,4.95,4.95,4.6,4.6,1221600
2018-09-05,4.6,4.65,4.55,4.6,505600
2018-09-06,4.7,4.7,4.25,4.3,1607000
2018-09-07,4.35,4.45,4.2,4.3,1326300
2018-09-10,4.25,4.4,4.2,4.25,1291400
2018-09-11,4.25,4.3,4.1,4.2,1194800
2018-09-12,4.2,4.45,4.15,4.35,1029700
2018-09-13,4.45,4.55,4.25,4.25,950400
2018-09-14,4.2,4.3,4.1,4.1,1028200
2018-09-17,4.15,4.35,4.15,4.35,1136100
2018-09-18,4.4,4.4,4.15,4.35,946000
2018-09-19,4.35,4.8,4.3,4.8,1105800
2018-09-20,4.75,4.8,4.4,4.45,2388000
2018-09-21,4.4,4.65,4.3,4.4,3872000
2018-09-24,4.55,4.7,4.4,4.4,2862100
2018-09-25,4.45,4.6,4.4,4.4,1917300
2018-09-26,4.45,4.5,4.3,4.35,1515000
2018-09-27,4.3,4.4,4.25,4.25,806300
2018-09-28,4.3,4.5,4.25,4.4,1303100
2018-10-01,4.35,4.65,4.3,4.65,1693300
2018-10-02,4.6,4.9,4.4,4.45,2154300
2018-10-03,4.5,4.55,4.35,4.5,1092700
2018-10-04,4.5,4.65,4.4,4.45,608200
2018-10-05,4.6,4.6,4.35,4.4,774400
2018-10-08,4.35,4.65,4.35,4.6,608200
2018-10-09,4.45,4.55,4.45,4.45,344800
2018-10-10,4.45,4.5,4.35,4.5,695100
2018-10-11,4.65,4.75,4.5,4.75,1293200
2018-10-12,4.75,4.75,4.45,4.55,916100
2018-10-15,4.7,4.75,4.45,4.45,1022000
2018-10-16,4.55,4.75,4.5,4.6,1130800
2018-10-17,4.6,4.7,4.5,4.55,937100
2018-10-18,4.6,4.65,4.5,4.55,504900
2018-10-19,4.6,4.6,4.5,4.55,577000
2018-10-22,4.55,4.55,4.45,4.55,411600
2018-10-23,4.65,4.65,4.45,4.5,641700
2018-10-24,4.5,4.5,4.3,4.3,912900
2018-10-25,4.35,4.35,4.1,4.1,1208400
2018-10-26,4.15,4.2,3.65,3.85,1967300
2018-10-29,3.85,3.9,3.3,3.3,1474800
2018-10-30,3.5,3.65,3.4,3.45,982600
2018-10-31,3.45,3.5,3.25,3.3,1466300
2018-11-01,3.4,3.55,3.4,3.5,1130000
2018-11-02,3.7,3.7,3.5,3.6,574600
2018-11-05,3.65,3.75,3.6,3.65,597500
2018-11-06,3.6,3.65,3.55,3.65,311600
2018-11-07,3.7,3.7,3.6,3.65,536800
2018-11-08,3.65,3.65,3.45,3.5,783200
2018-11-09,3.45,3.5,3.3,3.3,1308000
2018-11-12,3.3,3.35,3.1,3.1,983300
2018-11-13,3.15,3.2,3.0,3.05,898200
2018-11-14,3.05,3.2,3.0,3.05,1006000
2018-11-15,3.05,3.15,3.05,3.1,722000
2018-11-16,3.2,3.25,3.15,3.2,793800
2018-11-19,3.2,3.25,3.1,3.15,362700
2018-11-20,3.15,3.2,3.0,3.05,696600
2018-11-21,3.15,3.15,3.1,3.15,499100
2018-11-23,3.1,3.15,3.05,3.05,237500
2018-11-26,3.05,3.1,2.85,2.95,1064900
2018-11-27,2.95,2.95,2.8,2.9,728600
2018-11-28,2.95,3.0,2.8,2.95,514900
2018-11-29,2.95,3.0,2.8,2.8,357000
2018-11-30,2.85,2.85,2.75,2.85,491800
2018-12-03,2.9,2.95,2.85,2.9,508800
2018-12-04,3.0,3.0,2.8,2.85,706700
2018-12-06,2.85,2.9,2.8,2.85,652300
2018-12-07,2.85,3.15,2.85,3.05,1190500
2018-12-10,3.15,3.15,3.0,3.05,526000
2018-12-11,3.15,3.15,3.05,3.05,541600
2018-12-12,3.1,3.15,3.05,3.1,459900
2018-12-13,3.0,3.1,2.9,2.95,1137800
2018-12-14,2.95,3.0,2.85,2.9,843000
2018-12-17,2.9,3.2,2.9,3.2,1537700
2018-12-18,3.15,3.35,3.05,3.25,1660600
2018-12-19,3.25,3.45,3.05,3.05,1642600
2018-12-20,3.15,3.25,2.9,3.05,1636800
2018-12-21,3.05,3.15,2.9,3.0,2328500
2018-12-24,2.95,3.05,2.9,2.95,655100
2018-12-26,3.0,3.05,2.9,3.0,746200
2018-12-27,2.95,3.0,2.9,2.95,744000
2018-12-28,2.85,2.95,2.85,2.9,1061100
2018-12-31,2.77,2.95,2.73,2.88,1031800
2019-01-02,2.87,3.33,2.84,3.17,1873800
2019-01-03,3.19,3.46,3.19,3.46,1700400
2019-01-04,3.3,3.34,3.2,3.27,1354500
2019-01-07,3.3,3.39,3.22,3.31,1416600
2019-01-08,3.32,3.4,3.26,3.3,1531300
2019-01-09,3.31,3.4,3.17,3.25,1431200
2019-01-10,3.23,3.23,3.03,3.04,1698700
2019-01-11,3.02,3.09,3.01,3.06,1163600
2019-01-14,3.05,3.06,2.84,2.94,1305800
2019-01-15,2.95,2.98,2.83,2.94,2153600
2019-01-16,2.9,3.0,2.86,2.86,1001800
2019-01-17,2.86,2.86,2.77,2.83,1072700
2019-01-18,2.8,2.8,2.66,2.66,1219300
2019-01-22,2.64,2.74,2.52,2.69,1869900
2019-01-23,2.65,2.72,2.61,2.64,1118800
2019-01-24,2.64,2.69,2.61,2.67,704700
2019-01-25,2.7,2.81,2.66,2.69,2062300
2019-01-28,2.71,2.8,2.68,2.79,1512900
2019-01-29,2.81,2.85,2.79,2.82,1388100
2019-01-30,2.83,2.97,2.78,2.94,1928700
2019-01-31,3.44,3.77,3.41,3.75,8448200
2019-02-01,3.82,4.08,3.81,3.98,4744800
2019-02-04,3.95,4.06,3.84,3.95,2105400
2019-02-05,3.91,4.18,3.89,4.17,2626800
2019-02-06,4.33,4.4,3.88,3.92,3677400
2019-02-07,3.92,3.99,3.8,3.82,2657300
2019-02-08,3.9,4.06,3.82,4.04,2852900
2019-02-11,3.95,4.11,3.88,4.02,1960900
2019-02-12,4.02,4.11,3.94,3.97,1378900
2019-02-13,3.95,4.14,3.94,4.0,1493200
2019-02-14,3.99,4.09,3.96,4.01,1260000
2019-02-15,4.08,4.19,4.0,4.18,1779300
2019-02-19,4.23,4.51,4.23,4.44,2914000
2019-02-20,4.45,4.45,4.29,4.35,2298600
2019-02-21,4.32,4.37,4.19,4.3,1721400
2019-02-22,4.12,4.63,4.1,4.39,3142000
2019-02-25,4.45,4.45,4.28,4.3,1872300
2019-02-26,4.3,4.37,4.21,4.3,1176700
2019-02-27,4.29,4.3,4.2,4.26,1187500
2019-02-28,4.24,4.36,4.2,4.35,1686100
2019-03-01,4.24,4.47,4.2,4.2,1877800
2019-03-04,4.16,4.27,4.1,4.23,1558900
2019-03-05,4.2,4.28,4.16,4.26,1147100
2019-03-06,4.27,4.3,4.17,4.18,986800
2019-03-07,4.16,4.32,4.14,4.31,1508300
2019-03-08,4.38,4.48,4.26,4.46,2905400
2019-03-11,4.44,4.46,4.3,4.43,1451700
2019-03-12,4.45,4.78,4.45,4.73,2285300
2019-03-13,4.79,4.88,4.66,4.77,1734600
2019-03-14,4.63,4.66,4.5,4.53,1698400
2019-03-15,4.56,4.61,4.38,4.5,3188000
2019-03-18,4.5,4.53,4.38,4.39,1059500
2019-03-19,4.46,4.59,4.42,4.52,1332400
2019-03-20,4.55,4.74,4.42,4.71,1699700
2019-03-21,4.72,4.74,4.5,4.55,1924000
2019-03-22,4.54,4.68,4.53,4.62,1414800
2019-03-25,4.67,4.96,4.63,4.92,2501600
2019-03-26,4.89,5.11,4.82,5.03,1961600
2019-03-27,5.03,5.09,4.92,4.94,1919500
2019-03-28,4.84,4.85,4.66,4.7,2029700
2019-03-29,4.8,4.83,4.62,4.63,1371800
2019-04-01,4.64,4.7,4.33,4.42,2839600
2019-04-02,4.44,4.53,4.37,4.45,1675400
2019-04-03,4.45,4.62,4.38,4.59,2962000
2019-04-04,4.54,4.69,4.47,4.66,1492300
2019-04-05,4.65,4.65,4.55,4.58,983500
2019-04-08,4.65,4.72,4.57,4.64,1083900
2019-04-09,4.69,4.77,4.65,4.73,1417700
2019-04-10,4.73,4.82,4.65,4.68,1317600
2019-04-11,4.61,4.64,4.52,4.56,1218700
2019-04-12,4.56,4.62,4.5,4.51,677000
2019-04-15,4.44,4.53,4.39,4.48,758900
2019-04-16,4.38,4.41,4.24,4.27,1372900
2019-04-17,4.31,4.36,4.25,4.32,854700
2019-04-18,4.35,4.46,4.22,4.28,1178900
2019-04-22,4.28,4.29,4.13,4.15,1081900
2019-04-23,4.11,4.18,4.02,4.14,1636100
2019-04-24,4.14,4.23,4.07,4.16,1356000
2019-04-25,4.16,4.23,4.08,4.12,1043300
2019-04-26,4.17,4.37,4.17,4.31,1525100
2019-04-29,4.25,4.26,4.14,4.17,756300
2019-04-30,4.16,4.26,4.15,4.16,1145400
2019-05-01,4.13,4.22,4.05,4.11,1665100
2019-05-02,4.04,4.13,3.93,4.11,2092900
2019-05-03,3.93,4.02,3.39,3.42,5405800
2019-05-06,3.43,3.7,3.4,3.62,1879900
2019-05-07,3.55,3.6,3.49,3.51,2997400
2019-05-08,3.52,3.58,3.4,3.49,1865600
2019-05-09,3.5,3.55,3.44,3.51,1365500
2019-05-10,3.55,3.64,3.48,3.5,1579500
2019-05-13,3.61,3.72,3.56,3.66,2496400
2019-05-14,3.69,3.71,3.56,3.63,1357000
2019-05-15,3.67,3.88,3.65,3.8,1532300
2019-05-16,3.81,3.81,3.55,3.61,1892900
2019-05-17,3.6,3.63,3.52,3.53,1315400
2019-05-20,3.53,3.54,3.4,3.42,960400
2019-05-21,3.43,3.49,3.37,3.44,965600
2019-05-22,3.42,3.52,3.38,3.45,1363700
2019-05-23,3.45,3.47,3.19,3.19,3378300
2019-05-24,3.2,3.2,3.05,3.11,2325000
2019-05-28,3.47,3.81,3.43,3.62,5881800
2019-05-29,3.61,3.66,3.49,3.52,1997000
2019-05-30,3.48,3.66,3.44,3.64,2972200
2019-05-31,3.76,3.8,3.62,3.72,2444900
2019-06-03,3.81,4.23,3.81,4.19,5299600
2019-06-04,4.12,4.25,4.03,4.23,3132900
2019-06-05,4.35,4.47,4.14,4.24,2862000
2019-06-06,4.3,4.42,4.2,4.28,2153900
2019-06-07,4.31,4.5,4.26,4.31,2373800
2019-06-10,4.22,4.25,4.13,4.17,2376200
2019-06-11,4.15,4.31,4.11,4.26,1937200
2019-06-12,4.3,4.39,4.21,4.3,1818600
2019-06-13,4.33,4.33,4.21,4.32,2121200
2019-06-14,4.38,4.47,4.22,4.26,3490300
2019-06-17,4.24,4.32,4.19,4.3,1991000
2019-06-18,4.38,4.53,4.35,4.48,2570400
2019-06-19,4.44,4.54,4.35,4.51,2542800
2019-06-20,4.68,5.2,4.67,5.11,7461100
2019-06-21,5.14,5.43,4.92,5.43,11976200
2019-06-24,5.46,5.56,5.27,5.49,4276600
2019-06-25,5.5,5.63,5.27,5.45,5361700
2019-06-26,5.33,5.82,5.28,5.7,4687800
2019-06-27,5.71,5.76,5.63,5.75,3022400
2019-06-28,5.78,5.82,5.68,5.82,3257300
2019-07-01,5.64,5.88,5.56,5.79,3186400
2019-07-02,5.87,6.31,5.86,6.24,5145700
2019-07-03,6.37,6.4,6.13,6.24,3484800
2019-07-05,6.01,6.32,5.98,6.26,3990900
2019-07-08,6.36,6.43,6.04,6.2,3887900
2019-07-09,6.23,6.64,6.17,6.55,3526300
2019-07-10,6.72,6.85,6.54,6.85,4698300
2019-07-11,6.82,6.91,6.62,6.75,4782700
2019-07-12,6.75,7.04,6.75,6.99,3200000
2019-07-15,7.02,7.14,6.91,6.98,3238700
2019-07-16,6.94,7.32,6.88,7.22,4174400
2019-07-17,7.26,7.61,7.23,7.6,4454000
2019-07-18,7.62,7.88,7.42,7.83,6849300
2019-07-19,7.76,7.86,7.55,7.68,5893500
2019-07-22,7.67,7.96,7.66,7.81,4713600
2019-07-23,7.7,7.8,7.26,7.49,5419500
2019-07-24,7.6,7.89,7.52,7.8,4475600
2019-07-25,7.77,7.81,7.61,7.73,3936600
2019-07-26,7.78,7.95,7.76,7.88,2411000
2019-07-29,7.9,7.95,7.7,7.95,2394600
2019-07-30,7.97,8.18,7.91,8.08,3555700
2019-07-31,8.09,8.13,7.61,7.7,5108000
2019-08-01,7.41,8.32,7.35,8.27,6793800
2019-08-02,8.15,8.35,7.98,8.16,4458800
2019-08-05,8.4,8.82,8.36,8.66,5810900
2019-08-06,8.62,8.99,8.44,8.57,4985600
2019-08-07,8.9,8.91,7.62,7.84,9571900
2019-08-08,7.58,8.42,7.45,8.32,4166000
2019-08-09,8.27,8.48,8.16,8.23,4175400
2019-08-12,8.26,8.45,8.17,8.26,2607800
2019-08-13,8.34,8.43,7.75,8.09,3605200
2019-08-14,8.25,8.88,8.2,8.55,5293500
2019-08-15,8.59,8.86,8.39,8.77,3162900
2019-08-16,8.61,8.9,8.52,8.62,3406400
2019-08-19,8.35,8.9,8.24,8.57,2817100
2019-08-20,8.66,8.81,8.57,8.76,2417000
2019-08-21,8.71,8.85,8.64,8.73,1893100
2019-08-22,8.6,8.76,8.5,8.58,1939100
2019-08-23,8.65,9.35,8.62,9.17,5609100
2019-08-26,9.27,9.49,9.04,9.22,3058800
2019-08-27,9.25,9.69,9.16,9.52,3538200
2019-08-28,9.56,9.62,9.21,9.55,2618500
2019-08-29,9.54,9.54,9.05,9.22,3253500
2019-08-30,9.12,9.4,9.09,9.19,2521000
2019-09-03,9.46,9.48,9.17,9.26,4420500
2019-09-04,9.26,10.09,9.23,9.99,5438000
2019-09-05,9.71,9.91,9.58,9.71,4498500
2019-09-06,9.71,10.0,9.14,9.2,4983100
2019-09-09,9.31,9.32,8.3,8.62,6109400
2019-09-10,8.5,8.77,8.33,8.36,3798000
2019-09-11,8.35,8.8,8.35,8.57,3692600
2019-09-12,8.9,9.36,8.63,8.67,4832000
2019-09-13,8.65,8.82,8.23,8.29,4328900
2019-09-16,8.5,8.6,8.02,8.46,3647300
2019-09-17,8.57,8.58,8.31,8.39,2620300
2019-09-18,8.33,8.46,7.91,8.12,3746700
2019-09-19,8.18,8.36,8.15,8.3,1778500
2019-09-20,8.26,8.48,8.2,8.4,4185700
2019-09-23,8.48,8.92,8.44,8.84,3772800
2019-09-24,8.75,9.04,8.59,8.95,2629100
2019-09-25,8.92,8.92,8.1,8.21,3680300
2019-09-26,8.2,8.3,7.83,7.86,2949600
2019-09-27,7.55,8.04,7.06,7.88,3681500
2019-09-30,7.6,7.82,7.5,7.77,2874000
2019-10-01,7.71,7.95,7.55,7.69,3050100
2019-10-02,7.85,7.99,7.73,7.81,2388200
2019-10-03,7.8,8.01,7.74,7.8,1859800
2019-10-04,7.72,7.91,7.63,7.87,1493800
2019-10-07,7.78,7.92,7.7,7.8,1288700
2019-10-08,7.97,7.97,7.78,7.95,1960600
2019-10-09,7.95,7.96,7.72,7.77,1937600
2019-10-10,7.75,7.92,7.52,7.82,2036500
2019-10-11,7.71,7.74,7.37,7.39,3010200
2019-10-14,7.4,7.47,7.3,7.34,1006300
2019-10-15,7.25,7.38,7.11,7.23,2170800
2019-10-16,7.26,7.41,7.17,7.39,1665300
2019-10-17,7.28,7.87,7.28,7.87,2353900
2019-10-18,7.83,8.0,7.65,7.88,1842900
2019-10-21,8.01,8.14,7.67,7.69,1661300
2019-10-22,7.69,7.77,7.5,7.69,1278900
2019-10-23,7.78,8.04,7.78,7.87,1796800
2019-10-24,7.86,8.19,7.86,8.1,2124700
2019-10-25,8.25,8.35,8.02,8.13,1658200
2019-10-28,7.95,8.02,7.78,7.89,1371800
2019-10-29,7.8,8.07,7.61,7.92,2387500
2019-10-30,7.93,8.2,7.87,8.19,2429900
2019-10-31,8.31,8.61,8.22,8.42,2848000
2019-11-01,8.42,9.01,8.13,8.99,4138300
2019-11-04,8.95,9.16,8.88,8.95,2620700
2019-11-05,8.75,9.0,8.68,8.93,3022400
2019-11-06,8.96,9.02,8.73,8.91,2086400
2019-11-07,8.79,8.85,7.54,7.63,5017100
2019-11-08,7.5,7.98,7.5,7.7,2477800
2019-11-11,7.69,7.71,7.5,7.64,2097200
2019-11-12,7.62,7.72,7.53,7.61,2575600
2019-11-13,7.71,8.03,7.71,7.88,2147200
2019-11-14,7.91,8.0,7.7,7.91,1999200
2019-11-15,7.83,7.86,7.61,7.65,1933800
2019-11-18,7.71,7.82,7.61,7.77,1341700
2019-11-19,7.76,7.88,7.68,7.74,1354200
2019-11-20,7.76,8.01,7.72,7.96,1623000
2019-11-21,7.95,7.99,7.56,7.56,1442000
2019-11-22,7.66,7.73,7.41,7.59,1713200
2019-11-25,7.53,7.82,7.49,7.55,1454000
2019-11-26,7.58,7.72,7.5,7.69,1059800
2019-11-27,7.6,7.67,7.42,7.56,2130800
2019-11-29,7.6,7.88,7.6,7.84,1016600
2019-12-02,7.81,7.9,7.64,7.88,1891100
2019-12-03,8.0,8.27,8.0,8.17,2493800
2019-12-04,8.15,8.22,7.83,7.92,1783100
2019-12-05,7.62,7.71,7.22,7.36,7312300
2019-12-06,7.23,7.39,7.05,7.3,3725500
2019-12-09,7.38,7.55,7.25,7.26,2682500
2019-12-10,7.33,7.36,7.11,7.17,1840200
2019-12-11,7.22,7.3,7.1,7.25,1614200
2019-12-12,7.37,7.42,7.1,7.26,2050900
2019-12-13,7.2,7.6,7.2,7.5,2797700
2019-12-16,7.56,7.6,7.18,7.19,3030500
2019-12-17,7.18,7.32,7.14,7.14,1745400
2019-12-18,7.14,7.27,7.12,7.26,1618100
2019-12-19,7.25,7.26,7.12,7.19,3257200
2019-12-20,7.21,7.23,7.04,7.1,4198700
2019-12-23,7.15,7.48,7.08,7.46,2193100
2019-12-24,7.55,7.71,7.46,7.71,1547100
2019-12-26,7.76,7.94,7.57,7.74,2147200
2019-12-27,7.7,7.81,7.6,7.63,2645900
2019-12-30,7.66,7.91,7.6,7.88,3683300
2019-12-31,7.98,8.15,7.91,8.03,2768100
2020-01-02,8.16,8.34,8.03,8.09,1771500
2020-01-03,8.34,8.39,7.95,8.0,3102600
2020-01-06,8.27,8.29,7.8,7.88,2584400
2020-01-07,7.9,8.26,7.84,8.22,1978600
2020-01-08,8.21,8.23,7.64,7.71,2882800
2020-01-09,7.61,7.63,7.38,7.43,1914300
2020-01-10,7.43,7.64,7.43,7.52,1426600
2020-01-13,7.53,7.56,7.2,7.21,1589600
2020-01-14,7.16,7.39,7.12,7.34,1493100
2020-01-15,7.38,7.45,7.18,7.41,2254900
2020-01-16,7.29,7.47,7.25,7.41,2026700
2020-01-17,7.45,7.46,7.19,7.26,2225900
2020-01-21,7.3,7.43,7.17,7.39,2386400
2020-01-22,7.39,7.49,7.3,7.33,912900
2020-01-23,7.29,7.54,7.22,7.31,1813500
2020-01-24,7.31,7.5,7.23,7.5,1682700
2020-01-27,7.6,7.68,7.32,7.36,2846900
2020-01-28,7.28,7.39,7.05,7.12,1583500
2020-01-29,7.1,7.3,6.94,7.29,2180900
2020-01-30,7.3,7.37,7.22,7.25,1904000
2020-01-31,7.23,7.36,7.16,7.28,2499200
2020-02-03,7.22,7.33,7.18,7.27,1133200
2020-02-04,7.11,7.14,6.6,6.62,4201200
2020-02-05,6.61,6.72,6.5,6.59,2160900
2020-02-06,6.62,6.81,6.6,6.78,2427500
2020-02-07,6.8,6.95,6.66,6.68,1252400
2020-02-10,6.73,6.89,6.65,6.82,2056900
2020-02-11,6.78,7.02,6.78,6.98,2555100
2020-02-12,6.96,7.03,6.89,6.91,870600
2020-02-13,6.98,7.05,6.91,6.97,2109000
2020-02-14,6.93,7.0,6.65,6.67,1609600
2020-02-18,6.75,7.38,6.68,7.37,3703300
2020-02-19,7.42,7.61,7.21,7.57,3931800
2020-02-20,7.58,7.74,7.47,7.52,3330700
2020-02-21,8.05,9.95,8.04,9.93,20222100
2020-02-24,10.52,10.97,10.1,10.88,13885600
2020-02-25,10.48,11.29,10.33,10.92,11691100
2020-02-26,10.77,11.06,10.6,10.8,4688100
2020-02-27,10.89,10.98,9.37,9.42,6556900
2020-02-28,8.54,9.14,8.31,8.69,5714900
2020-03-02,9.08,9.43,8.81,9.34,2947800
2020-03-03,9.43,10.08,9.13,9.43,6119400
2020-03-04,9.48,9.88,9.26,9.65,4213300
2020-03-05,9.76,9.9,9.42,9.64,4757600
2020-03-06,9.68,9.72,8.93,9.39,7593100
2020-03-09,8.75,8.97,8.33,8.34,4756200
2020-03-10,8.49,8.73,7.98,8.39,2664400
2020-03-11,8.27,8.47,7.42,7.56,5396800
2020-03-12,6.6,7.57,5.91,6.56,6808500
2020-03-13,6.85,6.87,5.75,5.75,4772200
2020-03-16,4.66,6.48,4.6,6.03,6672800
2020-03-17,5.86,7.06,5.82,6.65,6907900
2020-03-18,6.42,6.79,5.26,5.36,5855300
2020-03-19,5.43,6.44,4.82,5.51,5480600
2020-03-20,5.9,5.98,5.15,5.15,4971600
2020-03-23,5.6,5.93,5.09,5.62,4373500
2020-03-24,6.18,6.6,6.01,6.36,5496200
2020-03-25,6.37,7.36,6.23,7.11,5708000
2020-03-26,7.4,7.73,6.82,7.01,4381400
2020-03-27,6.78,7.01,6.48,6.67,3955600
2020-03-30,6.66,6.93,6.06,6.23,3488500
2020-03-31,6.1,6.69,6.1,6.17,3338400
2020-04-01,6.16,6.54,6.04,6.35,2683900
2020-04-02,6.5,6.92,6.43,6.61,2578200
2020-04-03,6.7,6.85,6.47,6.48,2283000
2020-04-06,6.84,7.11,6.6,7.0,3778300
2020-04-07,7.01,7.27,6.75,6.87,2899800
2020-04-08,6.93,7.13,6.79,6.9,1413400
2020-04-09,7.16,7.81,7.16,7.74,3775400
2020-04-13,7.9,8.85,7.51,8.74,5324200
2020-04-14,9.12,9.51,8.35,8.58,5028300
2020-04-15,8.28,8.7,8.11,8.41,2612500
2020-04-16,8.54,8.8,8.3,8.5,2561200
2020-04-17,8.13,8.6,8.13,8.31,3615700
2020-04-20,8.44,8.96,8.33,8.69,2790200
2020-04-21,8.34,8.76,8.28,8.63,2910300
2020-04-22,8.97,9.28,8.92,9.22,3396300
2020-04-23,9.45,10.19,9.36,9.64,4827900
2020-04-24,9.96,9.96,9.42,9.74,2812500
2020-04-27,9.77,9.88,9.38,9.73,1965300
2020-04-28,9.62,9.8,9.32,9.56,2920100
2020-04-29,9.43,9.76,9.16,9.75,2962700
2020-04-30,9.5,9.81,9.26,9.47,2530000
2020-05-01,9.0,9.62,8.78,9.29,4732500
2020-05-04,9.43,9.73,9.36,9.57,3280900
2020-05-05,9.57,9.65,9.3,9.55,3021100
2020-05-06,9.33,9.38,9.1,9.21,2533900
2020-05-07,9.36,9.74,9.19,9.63,3539800
2020-05-08,9.51,9.63,9.21,9.24,2838900
2020-05-11,9.17,9.22,8.76,8.92,3022600
2020-05-12,8.92,9.32,8.86,8.91,2343700
2020-05-13,9.11,9.11,8.46,8.72,2671000
2020-05-14,8.69,8.97,8.48,8.91,3154300
2020-05-15,9.3,9.37,9.03,9.33,3346200
2020-05-18,9.57,9.57,8.81,8.81,3189200
2020-05-19,9.22,9.62,9.1,9.54,3939300
2020-05-20,9.73,9.74,9.33,9.4,2507100
2020-05-21,9.23,9.29,8.88,9.04,2290500
2020-05-22,9.15,9.29,8.94,9.0,1843200
2020-05-26,9.0,9.0,8.48,8.49,2763200
2020-05-27,8.23,8.61,8.12,8.59,2930300
2020-05-28,8.78,8.85,8.33,8.42,2135600
2020-05-29,8.59,8.63,8.36,8.4,2410800
2020-06-01,8.41,8.6,8.4,8.6,1960800
2020-06-02,8.62,8.65,8.18,8.28,2801200
2020-06-03,8.05,8.28,7.91,8.02,2477200
2020-06-04,8.18,8.39,8.08,8.27,1722800
2020-06-05,7.99,8.36,7.79,8.36,2990200
2020-06-08,8.44,8.56,8.3,8.51,3204600
2020-06-09,8.66,8.85,8.51,8.67,2529400
2020-06-10,8.8,8.88,8.2,8.87,3599300
2020-06-11,8.78,8.89,8.1,8.25,5027900
2020-06-12,8.4,8.63,8.17,8.33,4114100
2020-06-15,8.06,8.53,7.87,8.51,2444800
2020-06-16,8.57,8.64,8.26,8.31,2100700
2020-06-17,8.31,8.47,8.26,8.32,1051200
2020-06-18,8.25,8.38,8.14,8.15,1101900
2020-06-19,8.3,8.65,8.21,8.61,2442000
2020-06-22,8.83,9.19,8.81,9.14,2552700
2020-06-23,9.33,9.44,9.19,9.31,1896100
2020-06-24,9.2,9.33,8.88,9.03,2208800
2020-06-25,9.07,9.21,8.89,9.2,1776200
2020-06-26,9.12,9.32,8.85,9.28,2066600
2020-06-29,9.33,9.55,9.22,9.55,1852700
2020-06-30,9.5,9.8,9.41,9.7,4068400
2020-07-01,9.63,9.69,9.29,9.58,2952700
2020-07-02,9.42,9.89,9.41,9.62,3255700
2020-07-06,9.85,10.08,9.7,9.9,2499600
2020-07-07,9.89,10.5,9.82,10.4,2953700
2020-07-08,10.65,10.99,10.61,10.89,3268100
2020-07-09,11.02,11.07,10.53,10.63,2735900
2020-07-10,11.04,11.27,10.79,11.15,3802100
2020-07-13,11.44,11.58,10.75,10.76,3462100
2020-07-14,10.8,11.25,10.67,11.18,3367800
2020-07-15,11.09,11.25,10.91,11.2,1892200
2020-07-16,11.1,11.3,10.84,10.93,1860100
2020-07-17,11.14,11.36,10.99,11.24,2853200
2020-07-20,11.43,11.77,11.38,11.69,2373500
2020-07-21,12.0,12.04,11.65,11.85,3119300
2020-07-22,12.06,12.1,11.77,11.9,2736100
2020-07-23,11.88,12.01,11.35,11.5,2927700
2020-07-24,11.66,12.03,11.58,11.98,2590400
2020-07-27,12.53,12.62,12.04,12.33,4333100
2020-07-28,12.07,12.43,12.0,12.27,2751700
2020-07-29,12.3,12.33,11.83,12.14,2473600
2020-07-30,11.75,12.04,11.62,11.95,2236900
2020-07-31,12.53,12.74,12.23,12.59,5318900
2020-08-03,12.58,12.59,11.89,12.14,2805500
2020-08-04,12.18,12.69,12.17,12.66,5501000
2020-08-05,12.95,13.2,12.66,12.71,3807400
2020-08-06,12.92,12.99,12.39,12.52,3327900
2020-08-07,12.26,12.35,11.94,12.1,2311800
2020-08-10,12.16,12.49,11.85,11.88,1973000
2020-08-11,11.25,11.48,10.86,10.89,4105400
2020-08-12,11.3,11.31,10.85,10.89,2251900
2020-08-13,11.02,11.44,10.97,11.3,1917200
2020-08-14,11.27,11.32,10.94,11.09,1250900
2020-08-17,11.5,11.89,11.42,11.88,2630100
2020-08-18,12.19,12.3,11.68,11.84,3336700
2020-08-19,11.69,11.85,11.3,11.36,2167300
2020-08-20,11.3,11.56,11.19,11.44,1842400
2020-08-21,11.25,11.29,10.88,10.92,2103300
2020-08-24,11.08,11.08,10.74,10.86,1913100
2020-08-25,10.76,10.85,10.42,10.75,2566900
2020-08-26,10.61,11.14,10.56,11.13,1960800
2020-08-27,11.36,11.38,10.6,10.93,1924600
2020-08-28,11.14,11.43,11.1,11.35,1807100
2020-08-31,11.41,11.61,11.33,11.42,1389600
2020-09-01,11.7,11.7,10.98,11.09,1647000
2020-09-02,10.97,11.02,10.68,10.96,1576900
2020-09-03,10.88,11.1,10.67,11.08,1937600
2020-09-04,11.07,11.07,10.53,10.94,2069400
2020-09-08,10.59,10.9,10.31,10.63,2373400
2020-09-09,10.82,11.1,10.82,11.03,2305100
2020-09-10,11.17,11.2,10.82,10.92,1968200
2020-09-11,11.01,11.09,10.61,10.64,1885900
2020-09-14,10.81,11.25,10.81,11.23,2441400
2020-09-15,11.3,11.4,11.06,11.2,1669300
2020-09-16,11.38,11.54,11.21,11.34,2138900
2020-09-17,11.0,11.8,10.91,11.78,4493300
2020-09-18,11.85,12.2,11.73,11.81,4866100
2020-09-21,11.55,11.8,11.08,11.15,4535900
2020-09-22,11.29,11.29,10.56,10.67,3190600
2020-09-23,10.45,10.51,9.69,9.75,3545600
2020-09-24,9.6,10.06,9.57,10.02,3921900
2020-09-25,9.85,10.19,9.8,10.11,1927500
2020-09-28,10.26,10.35,10.07,10.28,1805000
2020-09-29,10.38,10.57,10.32,10.54,1802700
2020-09-30,10.43,10.66,10.35,10.55,1655900
2020-10-01,10.68,10.73,10.48,10.64,1709600
2020-10-02,10.51,10.63,10.42,10.52,2514500
2020-10-05,10.58,11.14,10.58,11.12,2570400
2020-10-06,11.19,11.41,11.1,11.18,3877100
2020-10-07,11.26,11.41,10.82,10.85,2274200
2020-10-08,10.93,11.21,10.93,11.2,1543100
2020-10-09,11.56,12.42,11.5,12.41,3585500
2020-10-12,12.4,13.31,12.14,13.01,4498500
2020-10-13,12.7,13.11,12.41,13.07,3608200
2020-10-14,13.25,13.79,13.13,13.74,2840500
2020-10-15,13.4,14.17,13.25,14.15,3399500
2020-10-16,14.15,14.23,13.46,13.53,3275300
2020-10-19,13.79,13.86,13.34,13.34,1992400
2020-10-20,13.38,13.56,13.25,13.42,1400800
2020-10-21,13.6,13.98,13.55,13.62,1983300
2020-10-22,13.41,13.55,13.19,13.47,1684300
2020-10-23,13.47,13.48,13.04,13.26,1683500
2020-10-26,13.09,13.42,12.98,12.98,1482200
2020-10-27,13.0,13.31,12.9,13.24,2419400
2020-10-28,12.77,12.86,11.91,11.98,3899500
2020-10-29,11.88,12.21,11.8,12.18,2225000
2020-10-30,12.61,12.85,12.25,12.53,3038800
2020-11-02,12.74,12.96,12.58,12.69,3190300
2020-11-03,12.95,13.37,12.9,13.06,3227400
2020-11-04,13.1,13.25,12.66,12.82,2502300
2020-11-05,13.29,14.45,13.25,14.26,5075500
2020-11-06,14.42,14.49,14.02,14.35,2370900
2020-11-09,13.39,13.55,12.93,13.16,4713100
2020-11-10,13.23,13.43,13.08,13.31,3259600
2020-11-11,13.0,13.3,12.99,13.29,1821600
2020-11-12,13.4,13.73,13.34,13.55,1733800
2020-11-13,13.85,13.96,13.41,13.56,1557600
2020-11-16,13.44,13.67,13.28,13.55,1771700
2020-11-17,13.51,13.55,13.21,13.31,1406800
2020-11-18,13.21,13.59,12.79,12.83,3447900
2020-11-19,12.54,12.89,12.34,12.73,2277700
2020-11-20,12.93,13.01,12.67,12.81,1514600
2020-11-23,12.61,12.66,11.9,12.21,4052400
2020-11-24,11.83,12.08,11.74,11.96,2852800
2020-11-25,12.16,12.26,11.86,12.0,1498500
2020-11-27,11.88,12.04,11.72,11.96,1197500
2020-11-30,11.89,11.95,11.51,11.8,1870700
2020-12-01,12.3,13.09,12.24,13.03,3599500
2020-12-02,13.12,13.15,12.49,12.95,2225800
2020-12-03,13.09,13.13,12.52,12.66,1907100
2020-12-04,12.64,12.88,12.59,12.7,1386700
2020-12-07,12.6,13.53,12.59,13.22,2305700
2020-12-08,13.33,13.35,13.09,13.13,1160500
2020-12-09,12.99,13.38,12.73,12.91,2060900
2020-12-10,13.05,13.68,13.0,13.26,3033200
2020-12-11,13.31,13.38,12.86,12.86,1846600
2020-12-14,12.84,12.97,12.42,12.43,1558200
2020-12-15,12.81,13.02,12.64,12.8,1362500
2020-12-16,12.92,12.98,12.41,12.79,1750500
2020-12-17,13.11,13.44,12.96,13.29,2071900
2020-12-18,13.27,13.32,12.8,12.83,3168700
2020-12-21,12.84,13.19,12.67,12.97,2143200
2020-12-22,12.99,13.04,12.33,12.41,1863700
2020-12-23,12.48,13.23,12.48,13.15,2513400
2020-12-24,13.16,13.36,13.05,13.29,702300
2020-12-28,13.5,13.74,13.2,13.21,1611800
2020-12-29,13.25,13.34,12.99,13.09,1792200
2020-12-30,13.1,13.73,13.09,13.64,2276400
2020-12-31,13.72,13.72,13.18,13.27,1705600
2021-01-04,13.81,14.36,13.61,14.23,4012300
