date,open,high,low,close,volume
2002-10-29,15.0,15.01,15.0,15.0,22100
2002-10-30,15.0,15.01,15.0,15.01,50600
2002-10-31,15.0,15.03,15.0,15.0,13000
2002-11-01,15.0,15.01,15.0,15.0,4500
2002-11-04,15.0,15.01,15.0,15.0,17300
2002-11-05,15.0,15.01,15.0,15.01,6400
2002-11-06,15.0,15.0,15.0,15.0,25400
2002-11-07,15.0,15.01,15.0,15.0,7800
2002-11-08,15.0,15.0,15.0,15.0,12200
2002-11-11,15.0,15.0,15.0,15.0,500
2002-11-12,15.0,15.0,15.0,15.0,15400
2002-11-13,15.0,15.03,15.0,15.0,11200
2002-11-14,15.0,15.0,15.0,15.0,2900
2002-11-15,15.02,15.02,15.02,15.02,300
2002-11-18,15.0,15.01,15.0,15.01,4300
2002-11-19,15.0,15.0,15.0,15.0,3700
2002-11-20,15.0,15.01,15.0,15.0,12900
2002-11-21,15.0,15.01,15.0,15.0,7600
2002-11-22,15.0,15.0,15.0,15.0,2300
2002-11-25,15.0,15.0,15.0,15.0,5700
2002-11-26,15.0,15.0,15.0,15.0,1900
2002-11-27,15.0,15.0,15.0,15.0,0
2002-11-29,15.01,15.01,15.0,15.0,1100
2002-12-02,15.0,15.0,15.0,15.0,6900
2002-12-03,14.9,14.9,14.9,14.9,51200
2002-12-04,14.9,14.91,14.9,14.9,70200
2002-12-05,14.9,14.9,14.9,14.9,2600
2002-12-06,14.9,14.91,14.9,14.91,3300
2002-12-09,14.91,14.91,14.9,14.9,2700
2002-12-10,14.9,14.9,14.9,14.9,4700
2002-12-11,14.75,14.75,14.45,14.45,12800
2002-12-12,14.6,14.6,14.6,14.6,2700
2002-12-13,14.5,14.66,14.5,14.66,5800
2002-12-16,14.6,14.6,14.4,14.4,4400
2002-12-17,14.32,14.32,14.1,14.1,9000
2002-12-18,14.11,14.15,14.06,14.1,10000
2002-12-19,14.05,14.05,14.0,14.05,6500
2002-12-20,14.05,14.12,14.05,14.1,33100
2002-12-23,14.1,14.15,13.99,14.05,20200
2002-12-24,14.03,14.03,13.87,13.9,8000
2002-12-26,13.85,14.0,13.85,14.0,13600
2002-12-27,14.0,14.0,13.95,13.95,10500
2002-12-30,13.96,14.05,13.9,13.91,12100
2002-12-31,13.91,14.0,13.91,14.0,30100
2003-01-02,13.97,14.0,13.95,13.96,6900
2003-01-03,13.95,13.95,13.95,13.95,1000
2003-01-06,13.91,13.96,13.91,13.95,15300
2003-01-07,13.94,14.1,13.94,14.03,6100
2003-01-08,14.03,14.15,14.03,14.15,2300
2003-01-09,14.05,14.1,14.0,14.1,13100
2003-01-10,14.14,14.15,13.95,14.05,21900
2003-01-13,14.05,14.05,14.0,14.0,3500
2003-01-14,14.1,14.2,14.0,14.1,32700
2003-01-15,14.15,14.15,14.0,14.05,13900
2003-01-16,14.06,14.3,14.0,14.3,28000
2003-01-17,14.2,14.2,14.05,14.05,15800
2003-01-21,14.1,14.1,14.1,14.1,3000
2003-01-22,14.01,14.01,13.91,13.96,7800
2003-01-23,13.96,14.0,13.9,13.99,12500
2003-01-24,13.97,13.99,13.97,13.99,1800
2003-01-27,14.05,14.05,13.92,13.92,5900
2003-01-28,13.91,13.91,13.79,13.8,20200
2003-01-29,13.82,13.84,13.82,13.84,4000
2003-01-30,13.82,13.85,13.8,13.85,5400
2003-01-31,13.82,13.83,13.82,13.82,3900
2003-02-03,13.82,13.93,13.82,13.93,1300
2003-02-04,13.93,13.93,13.75,13.85,17300
2003-02-05,13.87,13.89,13.77,13.89,12000
2003-02-06,13.9,13.9,13.83,13.86,8600
2003-02-07,13.92,13.92,13.85,13.85,7700
2003-02-10,13.85,13.92,13.75,13.85,20100
2003-02-11,13.83,13.83,13.8,13.82,8500
2003-02-12,13.8,13.92,13.8,13.92,12100
2003-02-13,13.92,13.98,13.92,13.94,11100
2003-02-14,13.97,13.97,13.94,13.95,1000
2003-02-18,13.98,13.98,13.7,13.85,19300
2003-02-19,13.87,13.97,13.87,13.97,9700
2003-02-20,13.95,13.97,13.9,13.9,4300
2003-02-21,13.77,13.9,13.77,13.79,17000
2003-02-24,13.8,13.95,13.7,13.94,18700
2003-02-25,13.93,13.99,13.93,13.96,16100
2003-02-26,13.9,13.98,13.9,13.91,5000
2003-02-27,13.72,13.82,13.72,13.82,3400
2003-02-28,13.87,13.92,13.83,13.9,8600
2003-03-03,13.85,13.98,13.85,13.98,9800
2003-03-04,13.9,13.98,13.9,13.98,2600
2003-03-05,13.9,14.1,13.9,14.1,10000
2003-03-06,14.09,14.17,14.0,14.15,8400
2003-03-07,14.15,14.15,14.01,14.14,7700
2003-03-10,14.15,14.3,14.15,14.3,3200
2003-03-11,14.26,14.26,14.2,14.26,3400
2003-03-12,14.23,14.23,14.05,14.05,11500
2003-03-13,14.15,14.19,14.07,14.11,9100
2003-03-14,14.15,14.19,14.09,14.09,4800
2003-03-17,14.2,14.2,13.9,13.9,11400
2003-03-18,14.2,14.2,13.9,14.0,22700
2003-03-19,14.06,14.06,13.86,13.89,12500
2003-03-20,13.89,13.89,13.81,13.86,9700
2003-03-21,13.87,14.05,13.86,13.86,12600
2003-03-24,13.9,13.9,13.75,13.75,14500
2003-03-25,13.78,13.85,13.72,13.74,7000
2003-03-26,13.65,13.65,13.55,13.6,19900
2003-03-27,13.7,13.7,13.7,13.7,1900
2003-03-28,13.69,13.75,13.69,13.71,4700
2003-03-31,13.68,13.78,13.65,13.7,17900
2003-04-01,13.76,13.76,13.55,13.7,20700
2003-04-02,13.78,13.78,13.71,13.77,13000
2003-04-03,13.79,13.79,13.79,13.79,4500
2003-04-04,13.84,13.84,13.84,13.84,2700
2003-04-07,13.85,13.95,13.8,13.82,13200
2003-04-08,13.72,13.93,13.72,13.85,8200
2003-04-09,13.75,13.98,13.75,13.95,18100
2003-04-10,13.97,14.1,13.95,14.09,13900
2003-04-11,14.2,14.2,13.94,13.99,12400
2003-04-14,14.0,14.0,13.9,13.91,10400
2003-04-15,13.95,13.98,13.93,13.95,5300
2003-04-16,13.95,13.97,13.94,13.96,15500
2003-04-17,13.96,13.98,13.92,13.97,17200
2003-04-21,13.98,13.98,13.88,13.9,5700
2003-04-22,13.97,14.08,13.92,14.05,5900
2003-04-23,14.05,14.05,13.9,13.92,11100
2003-04-24,14.0,14.11,14.0,14.11,18300
2003-04-25,14.15,14.2,14.05,14.15,2600
2003-04-28,14.15,14.15,14.08,14.14,18400
2003-04-29,14.2,14.25,14.19,14.25,4000
2003-04-30,14.25,14.25,14.2,14.22,30700
2003-05-01,14.25,14.27,14.15,14.18,4500
2003-05-02,14.19,14.3,14.19,14.3,4400
2003-05-05,14.35,14.45,14.19,14.45,11200
2003-05-06,14.5,14.5,14.3,14.4,6500
2003-05-07,14.4,14.4,14.32,14.35,1700
2003-05-08,14.45,14.5,14.38,14.48,10900
2003-05-09,14.45,14.46,14.45,14.46,4300
2003-05-12,14.47,14.49,14.44,14.49,10200
2003-05-13,14.49,14.49,14.44,14.45,8900
2003-05-14,14.45,14.48,14.42,14.42,4500
2003-05-15,14.45,14.48,14.37,14.44,6800
2003-05-16,14.49,14.49,14.4,14.47,9600
2003-05-19,14.47,14.5,14.47,14.5,28800
2003-05-20,14.5,14.55,14.45,14.55,13200
2003-05-21,14.65,14.65,14.4,14.45,19700
2003-05-22,14.4,14.44,14.31,14.35,23300
2003-05-23,14.39,14.4,14.26,14.4,29600
2003-05-27,14.32,14.4,14.25,14.25,37600
2003-05-28,14.25,14.26,14.22,14.25,4900
2003-05-29,14.3,14.32,14.25,14.27,9900
2003-05-30,14.32,14.32,14.26,14.28,7000
2003-06-02,14.3,14.33,14.26,14.32,12200
2003-06-03,14.3,14.4,14.3,14.4,20000
2003-06-04,14.5,14.6,14.49,14.6,19100
2003-06-05,14.7,14.79,14.7,14.76,9700
2003-06-06,14.76,14.76,14.66,14.66,4400
2003-06-09,14.65,14.71,14.65,14.71,1300
2003-06-10,14.7,14.84,14.7,14.84,7500
2003-06-11,14.85,14.91,14.8,14.82,23500
2003-06-12,14.79,14.82,14.77,14.81,12400
2003-06-13,14.76,14.95,14.75,14.95,24600
2003-06-16,14.91,14.96,14.9,14.96,14600
2003-06-17,14.95,15.09,14.95,15.07,20900
2003-06-18,15.04,15.04,14.91,14.93,21000
2003-06-19,14.97,14.97,14.85,14.88,10200
2003-06-20,14.88,14.94,14.85,14.93,6900
2003-06-23,14.85,14.94,14.85,14.86,4200
2003-06-24,14.95,14.97,14.86,14.91,9500
2003-06-25,14.85,14.85,14.75,14.75,9600
2003-06-26,14.85,14.86,14.79,14.8,10500
2003-06-27,14.74,14.79,14.74,14.76,4100
2003-06-30,14.79,14.79,14.6,14.66,9200
2003-07-01,14.63,14.7,14.63,14.66,2100
2003-07-02,14.7,14.75,14.68,14.68,3200
2003-07-03,14.67,14.75,14.67,14.7,5700
2003-07-07,14.75,14.8,14.69,14.69,9400
2003-07-08,14.69,14.73,14.65,14.73,4400
2003-07-09,14.67,14.74,14.66,14.73,6100
2003-07-10,14.75,14.76,14.66,14.72,6100
2003-07-11,14.73,14.74,14.73,14.74,4800
2003-07-14,14.75,14.75,14.65,14.71,10100
2003-07-15,14.71,14.75,14.63,14.64,9700
2003-07-16,14.6,14.62,14.52,14.59,14800
2003-07-17,14.6,14.6,14.49,14.5,18600
2003-07-18,14.45,14.47,14.35,14.47,16400
2003-07-21,14.57,14.57,14.28,14.37,20000
2003-07-22,14.28,14.3,14.22,14.3,5800
2003-07-23,14.23,14.31,14.1,14.15,10600
2003-07-24,14.25,14.25,14.05,14.15,12700
2003-07-25,14.17,14.18,14.16,14.16,3800
2003-07-28,14.17,14.17,13.96,13.97,15600
2003-07-29,13.9,13.92,13.7,13.7,16000
2003-07-30,13.75,13.94,13.7,13.94,11800
2003-07-31,14.03,14.03,13.81,13.91,7800
2003-08-01,13.9,13.9,13.75,13.76,8400
2003-08-04,13.85,13.89,13.85,13.85,4700
2003-08-05,13.9,13.93,13.76,13.89,9800
2003-08-06,13.89,13.89,13.85,13.85,1600
2003-08-07,13.81,13.81,13.73,13.79,11000
2003-08-08,13.83,13.83,13.7,13.81,8700
2003-08-11,13.82,13.82,13.81,13.81,2500
2003-08-12,13.81,13.82,13.62,13.74,16100
2003-08-13,13.74,13.78,13.64,13.65,6600
2003-08-14,13.7,13.7,13.4,13.4,9800
2003-08-15,13.5,13.55,13.5,13.53,800
2003-08-18,13.52,13.72,13.52,13.72,26200
2003-08-19,13.78,13.78,13.7,13.74,4400
2003-08-20,13.75,13.8,13.71,13.77,10800
2003-08-21,13.77,13.79,13.73,13.76,5200
2003-08-22,13.76,13.76,13.7,13.7,500
2003-08-25,13.74,13.76,13.72,13.72,4400
2003-08-26,13.71,13.75,13.61,13.66,15000
2003-08-27,13.7,13.7,13.66,13.66,2500
2003-08-28,13.72,13.72,13.66,13.71,5600
2003-08-29,13.71,13.75,13.71,13.75,1100
2003-09-02,13.76,13.77,13.61,13.72,10800
2003-09-03,13.73,13.74,13.7,13.71,5500
2003-09-04,13.76,13.82,13.71,13.75,6500
2003-09-05,13.8,13.9,13.8,13.81,5800
2003-09-08,13.92,14.0,13.86,13.96,8700
2003-09-09,13.9,13.95,13.87,13.9,5500
2003-09-10,13.8,13.8,13.65,13.7,18800
2003-09-11,13.72,13.8,13.68,13.75,8200
2003-09-12,13.85,13.85,13.75,13.75,8300
2003-09-15,13.73,13.74,13.73,13.74,1600
2003-09-16,13.8,13.82,13.6,13.61,24300
2003-09-17,13.61,13.65,13.54,13.55,20800
2003-09-18,13.56,13.57,13.54,13.55,13000
2003-09-19,13.64,13.64,13.51,13.52,18300
2003-09-22,13.49,13.55,13.48,13.55,13400
2003-09-23,13.55,13.58,13.55,13.58,3500
2003-09-24,13.58,13.58,13.45,13.55,13500
2003-09-25,13.56,13.59,13.54,13.54,7600
2003-09-26,13.54,13.63,13.53,13.63,11200
2003-09-29,13.63,13.66,13.63,13.65,3200
2003-09-30,13.7,13.73,13.65,13.68,5200
2003-10-01,13.68,13.78,13.68,13.75,21700
2003-10-02,13.75,13.8,13.69,13.79,28700
2003-10-03,13.8,13.8,13.65,13.65,11500
2003-10-06,13.65,13.7,13.6,13.7,8200
2003-10-07,13.64,13.7,13.63,13.67,6300
2003-10-08,13.67,13.84,13.65,13.77,19500
2003-10-09,13.77,13.77,13.69,13.69,15100
2003-10-10,13.75,13.78,13.68,13.7,6300
2003-10-13,13.76,13.77,13.7,13.71,5200
2003-10-14,13.6,13.74,13.6,13.68,8800
2003-10-15,13.76,13.76,13.6,13.65,14800
2003-10-16,13.64,13.71,13.64,13.68,9900
2003-10-17,13.69,13.69,13.67,13.68,2800
2003-10-20,13.72,13.72,13.61,13.61,15800
2003-10-21,13.61,13.67,13.6,13.65,12700
2003-10-22,13.7,13.71,13.62,13.71,9900
2003-10-23,13.75,13.77,13.62,13.62,17300
2003-10-24,13.62,13.67,13.62,13.67,4600
2003-10-27,13.67,13.77,13.67,13.75,8400
2003-10-28,13.71,13.77,13.7,13.77,9000
2003-10-29,13.77,13.8,13.75,13.8,9500
2003-10-30,13.75,13.8,13.66,13.76,13200
2003-10-31,13.8,13.8,13.76,13.79,5300
2003-11-03,13.8,13.81,13.74,13.81,9400
2003-11-04,13.84,13.95,13.73,13.93,37600
2003-11-05,13.95,14.03,13.9,13.95,18300
2003-11-06,14.0,14.0,13.91,13.91,7000
2003-11-07,13.81,13.93,13.81,13.92,8700
2003-11-10,13.96,13.96,13.85,13.89,5400
2003-11-11,13.95,13.95,13.85,13.93,12900
2003-11-12,13.93,13.93,13.86,13.89,6700
2003-11-13,13.89,13.89,13.87,13.87,1900
2003-11-14,13.87,13.94,13.84,13.87,12200
2003-11-17,13.9,13.9,13.84,13.84,12400
2003-11-18,13.8,13.87,13.77,13.8,18900
2003-11-19,13.77,13.8,13.77,13.78,5500
2003-11-20,13.77,13.85,13.76,13.78,30300
2003-11-21,13.83,13.83,13.73,13.74,16200
2003-11-24,13.84,13.9,13.75,13.75,22200
2003-11-25,13.82,13.82,13.75,13.75,2800
2003-11-26,13.79,13.81,13.7,13.72,12000
2003-11-28,13.75,13.8,13.75,13.8,5800
2003-12-01,13.81,13.85,13.78,13.81,15400
2003-12-02,13.85,13.96,13.84,13.96,16700
2003-12-03,13.96,13.96,13.85,13.95,10600
2003-12-04,13.95,13.95,13.87,13.9,10000
2003-12-05,13.95,14.0,13.9,14.0,7000
2003-12-08,13.92,13.99,13.92,13.93,10600
2003-12-09,13.9,13.99,13.81,13.92,19100
2003-12-10,13.9,13.9,13.8,13.83,24100
2003-12-11,13.82,13.82,13.77,13.78,18000
2003-12-12,13.8,13.9,13.79,13.87,31100
2003-12-15,13.92,13.98,13.81,13.92,11400
2003-12-16,13.85,13.9,13.8,13.82,8200
2003-12-17,13.81,13.82,13.8,13.82,19500
2003-12-18,13.82,13.89,13.8,13.89,22900
2003-12-19,13.9,13.9,13.88,13.88,2900
2003-12-22,13.92,13.92,13.8,13.83,19500
2003-12-23,13.85,13.93,13.8,13.83,27400
2003-12-24,13.8,13.88,13.8,13.88,19400
2003-12-26,13.82,13.89,13.82,13.89,10600
2003-12-29,13.82,13.91,13.81,13.91,16700
2003-12-30,13.9,13.9,13.81,13.9,19800
2003-12-31,13.94,13.96,13.86,13.87,23900
2004-01-02,13.95,13.95,13.92,13.92,11200
2004-01-05,13.95,13.98,13.9,13.98,13600
2004-01-06,13.99,14.01,13.98,13.99,36500
2004-01-07,14.01,14.01,13.98,14.0,24900
2004-01-08,14.05,14.06,14.02,14.05,11900
2004-01-09,14.1,14.26,14.1,14.21,36100
2004-01-12,14.21,14.3,14.2,14.25,16000
2004-01-13,14.3,14.4,14.25,14.36,31300
2004-01-14,14.35,14.35,14.26,14.3,18400
2004-01-15,14.2,14.35,14.2,14.34,10600
2004-01-16,14.31,14.37,14.25,14.26,37500
2004-01-20,14.32,14.33,14.31,14.31,13100
2004-01-21,14.35,14.38,14.3,14.3,21700
2004-01-22,14.3,14.4,14.29,14.31,11600
2004-01-23,14.37,14.48,14.33,14.47,21200
2004-01-26,14.41,14.46,14.4,14.45,8400
2004-01-27,14.4,14.43,14.4,14.42,9300
2004-01-28,14.48,14.56,14.48,14.54,13500
2004-01-29,14.5,14.5,14.38,14.38,9600
2004-01-30,14.45,14.49,14.45,14.47,7800
2004-02-02,14.51,14.6,14.46,14.6,4500
2004-02-03,14.53,14.74,14.4,14.66,15500
2004-02-04,14.7,14.74,14.7,14.74,3300
2004-02-05,14.75,14.78,14.74,14.78,17200
2004-02-06,14.83,14.83,14.64,14.75,21500
2004-02-09,14.67,14.8,14.67,14.78,5500
2004-02-10,14.7,14.75,14.68,14.71,7500
2004-02-11,14.64,14.7,14.5,14.5,22000
2004-02-12,14.5,14.5,14.44,14.44,11100
2004-02-13,14.44,14.5,14.44,14.49,8700
2004-02-17,14.5,14.52,14.45,14.45,11000
2004-02-18,14.52,14.55,14.46,14.54,20600
2004-02-19,14.54,14.7,14.46,14.46,27800
2004-02-20,14.47,14.53,14.47,14.53,2600
2004-02-23,14.52,14.53,14.5,14.51,12300
2004-02-24,14.46,14.54,14.44,14.54,9900
2004-02-25,14.54,14.6,14.5,14.54,17900
2004-02-26,14.61,14.65,14.6,14.64,11500
2004-02-27,14.67,14.68,14.62,14.64,3800
2004-03-01,14.68,14.69,14.63,14.69,8900
2004-03-02,14.7,14.78,14.69,14.71,12100
2004-03-03,14.7,14.75,14.7,14.75,9300
2004-03-04,14.76,14.8,14.71,14.79,13500
2004-03-05,14.8,14.99,14.8,14.8,37600
2004-03-08,14.8,14.82,14.76,14.79,17900
2004-03-09,14.79,14.79,14.74,14.78,9900
2004-03-10,14.75,14.75,14.66,14.7,15700
2004-03-11,14.73,14.73,14.63,14.63,10300
2004-03-12,14.68,14.7,14.67,14.7,8400
2004-03-15,14.72,14.72,14.66,14.71,7300
2004-03-16,14.72,14.73,14.67,14.7,20600
2004-03-17,14.73,14.77,14.66,14.72,20100
2004-03-18,14.72,14.78,14.68,14.7,19500
2004-03-19,14.69,14.79,14.67,14.78,10000
2004-03-22,14.8,14.8,14.69,14.72,8400
2004-03-23,14.77,14.77,14.66,14.67,11700
2004-03-24,14.67,14.67,14.55,14.65,14900
2004-03-25,14.53,14.7,14.53,14.69,16700
2004-03-26,14.69,14.69,14.66,14.68,4800
2004-03-29,14.72,14.72,14.6,14.65,17000
2004-03-30,14.67,14.71,14.67,14.71,16700
2004-03-31,14.72,14.72,14.69,14.69,10200
2004-04-01,14.7,14.71,14.59,14.6,29600
2004-04-02,14.5,14.55,14.4,14.41,40100
2004-04-05,14.33,14.34,14.24,14.24,13200
2004-04-06,14.2,14.2,13.85,13.95,39500
2004-04-07,13.98,14.15,13.9,14.07,27200
2004-04-08,14.11,14.11,14.0,14.07,9000
2004-04-12,14.05,14.06,14.03,14.03,4000
2004-04-13,14.04,14.04,13.8,13.81,15100
2004-04-14,13.73,13.73,13.65,13.65,19400
2004-04-15,13.66,13.76,13.65,13.72,20600
2004-04-16,13.74,13.78,13.74,13.76,3900
2004-04-19,13.76,13.84,13.65,13.7,27100
2004-04-20,13.7,13.73,13.65,13.73,14200
2004-04-21,13.65,13.73,13.6,13.63,14400
2004-04-22,13.62,13.64,13.57,13.58,5400
2004-04-23,13.5,13.55,13.41,13.45,21800
2004-04-26,13.45,13.45,13.25,13.37,37500
2004-04-27,13.37,13.43,13.32,13.35,18000
2004-04-28,13.39,13.39,13.3,13.35,10500
2004-04-29,13.39,13.45,13.19,13.29,12300
2004-04-30,13.35,13.35,13.3,13.32,7400
2004-05-03,13.4,13.4,13.22,13.25,10500
2004-05-04,13.28,13.4,13.27,13.4,10800
2004-05-05,13.4,13.43,13.37,13.37,5700
2004-05-06,13.45,13.45,13.37,13.37,7600
2004-05-07,13.34,13.34,13.09,13.09,8500
2004-05-10,13.1,13.13,12.56,12.56,32300
2004-05-11,12.66,12.7,12.6,12.7,21600
2004-05-12,12.55,12.7,12.52,12.6,14700
2004-05-13,12.6,12.6,12.35,12.45,15800
2004-05-14,12.51,12.54,12.46,12.54,9600
2004-05-17,12.54,12.59,12.5,12.59,10400
2004-05-18,12.57,12.62,12.5,12.59,14200
2004-05-19,12.5,12.55,12.5,12.55,9200
2004-05-20,12.62,12.66,12.59,12.66,9900
2004-05-21,12.63,12.68,12.63,12.67,7000
2004-05-24,12.7,12.87,12.7,12.87,46300
2004-05-25,12.88,13.0,12.88,13.0,6800
2004-05-26,13.03,13.1,12.99,13.1,6600
2004-05-27,13.15,13.19,13.15,13.19,6200
2004-05-28,13.22,13.23,13.0,13.16,12700
2004-06-01,13.19,13.19,13.1,13.19,6900
2004-06-02,13.19,13.2,13.02,13.13,23200
2004-06-03,13.18,13.26,13.18,13.26,8800
2004-06-04,13.28,13.28,13.14,13.25,9500
2004-06-07,13.25,13.26,13.25,13.25,4300
2004-06-08,13.18,13.22,13.0,13.14,17800
2004-06-09,13.1,13.15,13.0,13.08,7200
2004-06-10,13.12,13.12,12.98,12.98,5600
2004-06-14,12.98,12.99,12.84,12.85,10700
2004-06-15,12.79,12.91,12.79,12.91,17300
2004-06-16,12.85,12.87,12.78,12.87,12900
2004-06-17,12.87,12.88,12.71,12.79,10600
2004-06-18,12.74,12.85,12.73,12.85,11200
2004-06-21,12.85,12.95,12.77,12.88,11200
2004-06-22,12.92,12.95,12.8,12.9,16700
2004-06-23,12.93,12.93,12.8,12.9,8000
2004-06-24,12.95,13.0,12.95,12.98,4200
2004-06-25,12.91,12.97,12.91,12.93,2500
2004-06-28,12.9,12.93,12.85,12.88,4900
2004-06-29,12.9,12.9,12.79,12.8,13300
2004-06-30,12.85,12.95,12.8,12.95,11400
2004-07-01,12.97,13.11,12.97,13.11,18500
2004-07-02,13.12,13.35,13.12,13.22,17000
2004-07-06,13.3,13.3,13.2,13.23,4000
2004-07-07,13.28,13.4,13.28,13.4,10600
2004-07-08,13.4,13.43,13.29,13.35,11700
2004-07-09,13.35,13.47,13.35,13.39,16300
2004-07-12,13.25,13.4,13.25,13.4,21000
2004-07-13,13.4,13.47,13.4,13.47,6000
2004-07-14,13.46,13.46,13.41,13.42,2500
2004-07-15,13.44,13.45,13.4,13.44,8000
2004-07-16,13.49,13.49,13.45,13.45,6200
2004-07-19,13.44,13.45,13.41,13.41,26000
2004-07-20,13.41,13.48,13.4,13.4,40700
2004-07-21,13.4,13.42,13.1,13.25,36300
2004-07-22,13.29,13.29,13.12,13.2,14200
2004-07-23,13.28,13.43,13.19,13.31,21300
2004-07-26,13.41,13.48,13.32,13.36,16600
2004-07-27,13.4,13.45,13.36,13.45,26300
2004-07-28,13.45,13.46,13.41,13.41,16300
2004-07-29,13.51,13.51,13.4,13.42,8700
2004-07-30,13.52,13.53,13.51,13.53,1400
2004-08-02,13.58,13.62,13.52,13.61,6600
2004-08-03,13.58,13.93,13.55,13.93,18900
2004-08-04,13.97,13.97,13.8,13.8,6500
2004-08-05,13.85,13.88,13.75,13.75,4800
2004-08-06,13.85,13.95,13.75,13.9,8000
2004-08-09,13.9,14.05,13.78,13.78,9100
2004-08-10,13.78,14.18,13.75,13.97,21700
2004-08-11,13.89,13.96,13.8,13.9,8500
2004-08-12,13.91,13.94,13.9,13.94,3900
2004-08-13,13.95,13.96,13.89,13.9,6200
2004-08-16,13.94,13.95,13.73,13.95,12100
2004-08-17,14.05,14.19,14.0,14.19,13000
2004-08-18,14.09,14.15,14.01,14.15,8600
2004-08-19,14.16,14.18,14.0,14.16,5300
2004-08-20,14.17,14.29,14.17,14.19,4900
2004-08-23,14.15,14.25,13.82,14.09,18300
2004-08-24,14.09,14.09,14.09,14.09,300
2004-08-25,14.09,14.09,14.0,14.02,4400
2004-08-26,14.12,14.14,13.95,14.02,5300
2004-08-27,13.94,14.38,13.94,14.25,8900
2004-08-30,14.3,14.3,14.15,14.15,11100
2004-08-31,14.15,14.2,14.05,14.19,11900
2004-09-01,14.25,14.28,14.19,14.22,8300
2004-09-02,14.2,14.4,14.2,14.2,13800
2004-09-03,14.25,14.26,14.25,14.25,4700
2004-09-07,14.29,14.36,14.25,14.34,4500
2004-09-08,14.16,14.26,14.07,14.19,23500
2004-09-09,14.14,14.31,14.11,14.11,13700
2004-09-10,14.15,14.17,14.08,14.17,7300
2004-09-13,14.1,14.28,14.1,14.28,2500
2004-09-14,14.38,14.54,14.26,14.35,28700
2004-09-15,14.43,14.44,14.34,14.34,8600
2004-09-16,14.4,14.42,14.34,14.42,4500
2004-09-17,14.47,14.47,14.42,14.44,6000
2004-09-20,14.5,14.5,14.26,14.26,6700
2004-09-21,14.31,14.37,14.28,14.37,7100
2004-09-22,14.32,14.43,14.3,14.39,6400
2004-09-23,14.4,14.4,14.33,14.33,4100
2004-09-24,14.38,14.38,14.3,14.3,6400
2004-09-27,14.35,14.35,14.3,14.3,2300
2004-09-28,14.35,14.4,14.3,14.3,9500
2004-09-29,14.3,14.48,14.27,14.27,6600
2004-09-30,14.37,14.37,14.25,14.3,11800
2004-10-01,14.34,14.48,14.25,14.25,27200
2004-10-04,14.31,14.31,14.26,14.27,8500
2004-10-05,14.3,14.3,14.23,14.24,1800
2004-10-06,14.3,14.3,14.2,14.21,4000
2004-10-07,14.29,14.46,14.29,14.32,11800
2004-10-08,14.4,14.4,14.4,14.4,2400
2004-10-11,14.4,14.4,14.4,14.4,1900
2004-10-12,14.4,14.4,14.3,14.31,9200
2004-10-13,14.32,14.32,14.22,14.29,3900
2004-10-14,14.34,14.5,14.28,14.45,16700
2004-10-15,14.4,14.46,14.31,14.45,4300
2004-10-18,14.5,14.5,14.45,14.45,200
2004-10-19,14.5,14.5,14.45,14.45,900
2004-10-20,14.55,14.55,14.38,14.39,8800
2004-10-21,14.42,14.51,14.35,14.35,5700
2004-10-22,14.44,14.45,14.35,14.4,12000
2004-10-25,14.6,14.6,14.5,14.5,24300
2004-10-26,14.49,14.49,14.35,14.42,16600
2004-10-27,14.47,14.49,14.44,14.49,15600
2004-10-28,14.5,14.5,14.4,14.47,10700
2004-10-29,14.49,14.51,14.48,14.49,2900
2004-11-01,14.52,14.83,14.52,14.7,16100
2004-11-02,14.75,14.78,14.68,14.73,9900
2004-11-03,14.73,14.73,14.55,14.6,4500
2004-11-04,14.55,14.62,14.5,14.5,13000
2004-11-05,14.4,14.4,14.09,14.17,31900
2004-11-08,14.18,14.18,13.81,13.94,31200
2004-11-09,13.94,13.95,13.87,13.9,7700
2004-11-10,14.0,14.05,13.98,14.05,8100
2004-11-11,14.05,14.06,14.0,14.03,36800
2004-11-12,14.07,14.07,14.0,14.03,15200
2004-11-15,14.09,14.2,14.06,14.14,20200
2004-11-16,14.2,14.29,14.17,14.17,8900
2004-11-17,14.18,14.19,14.17,14.19,1500
2004-11-18,14.2,14.25,14.2,14.24,5100
2004-11-19,14.27,14.27,14.0,14.17,13200
2004-11-22,14.22,14.25,14.16,14.16,4400
2004-11-23,14.27,14.35,14.18,14.19,6100
2004-11-24,14.25,14.36,14.2,14.36,4200
2004-11-26,14.37,14.37,14.37,14.37,200
2004-11-29,14.37,14.37,14.27,14.34,1900
2004-11-30,14.38,14.38,14.09,14.14,8500
2004-12-01,14.18,14.35,14.15,14.25,19000
2004-12-02,14.25,14.34,14.22,14.28,11800
2004-12-03,14.3,14.3,14.28,14.29,3600
2004-12-06,14.35,14.35,14.3,14.35,8000
2004-12-07,14.27,14.35,14.24,14.24,4000
2004-12-08,14.3,14.3,14.05,14.12,14400
2004-12-09,14.11,14.13,14.05,14.11,9800
2004-12-10,14.11,14.18,14.09,14.18,6900
2004-12-13,14.28,14.28,14.19,14.24,6100
2004-12-14,14.17,14.22,14.16,14.22,1900
2004-12-15,14.24,14.25,14.08,14.19,13500
2004-12-16,14.15,14.19,14.03,14.12,8000
2004-12-17,14.12,14.2,14.1,14.18,3600
2004-12-20,14.19,14.3,14.19,14.3,5200
2004-12-21,14.25,14.26,14.19,14.26,3200
2004-12-22,14.18,14.37,14.18,14.35,8100
2004-12-23,14.3,14.5,14.26,14.33,12500
2004-12-27,14.29,14.34,14.16,14.34,14000
2004-12-28,14.4,14.4,14.3,14.3,3400
2004-12-29,14.35,14.35,14.32,14.35,4500
2004-12-30,14.4,14.45,14.4,14.45,300
2004-12-31,14.45,14.45,14.32,14.32,3400
2005-01-03,14.41,14.55,14.28,14.55,21100
2005-01-04,14.6,14.65,14.22,14.32,15000
2005-01-05,14.25,14.26,14.24,14.25,2700
2005-01-06,14.31,14.35,14.31,14.35,4300
2005-01-07,14.4,14.6,14.4,14.4,6000
2005-01-10,14.5,14.6,14.5,14.5,6000
2005-01-11,14.49,14.9,14.49,14.6,16500
2005-01-12,14.65,14.65,14.52,14.6,10500
2005-01-13,14.5,14.7,14.5,14.6,11100
2005-01-14,14.65,14.65,14.6,14.6,800
2005-01-18,14.66,14.69,14.65,14.67,2400
2005-01-19,14.64,14.74,14.52,14.69,8300
2005-01-20,14.75,14.75,14.6,14.62,6700
2005-01-21,14.72,14.72,14.56,14.56,14300
2005-01-24,14.46,14.8,14.46,14.6,12900
2005-01-25,14.59,14.6,14.35,14.35,11000
2005-01-26,14.35,14.4,14.34,14.4,12600
2005-01-27,14.4,14.4,14.4,14.4,900
2005-01-28,14.4,14.41,14.4,14.41,16400
2005-01-31,14.42,14.53,14.27,14.52,12500
2005-02-01,14.51,14.59,14.51,14.59,11000
2005-02-02,14.62,14.68,14.5,14.5,10800
2005-02-03,14.48,14.49,14.44,14.49,8600
2005-02-04,14.5,14.61,14.43,14.61,13700
2005-02-07,14.64,14.65,14.61,14.61,4500
2005-02-08,14.58,14.77,14.49,14.65,23900
2005-02-09,14.56,14.6,14.4,14.6,23200
2005-02-10,14.54,14.59,14.49,14.57,14200
2005-02-11,14.51,14.65,14.5,14.62,6800
2005-02-14,14.65,14.78,14.6,14.61,9400
2005-02-15,14.6,14.69,14.6,14.63,7300
2005-02-16,14.63,14.65,14.6,14.63,8800
2005-02-17,14.53,14.58,14.53,14.55,11200
2005-02-18,14.5,14.55,14.39,14.5,14500
2005-02-22,14.5,14.55,14.45,14.55,12800
2005-02-23,14.55,14.6,14.49,14.55,14000
2005-02-24,14.65,14.65,14.46,14.55,10600
2005-02-25,14.56,14.7,14.51,14.7,15600
2005-02-28,14.79,14.9,14.64,14.85,15300
2005-03-01,14.84,14.84,14.7,14.8,13800
2005-03-02,14.9,14.9,14.77,14.83,10600
2005-03-03,14.8,14.87,14.78,14.8,8700
2005-03-04,14.85,14.97,14.8,14.8,8100
2005-03-07,14.85,14.91,14.82,14.91,5200
2005-03-08,14.95,15.02,14.72,14.86,13600
2005-03-09,14.7,14.74,14.65,14.65,3000
2005-03-10,14.75,14.76,14.31,14.5,30100
2005-03-11,14.53,14.55,14.53,14.53,5600
2005-03-14,14.41,14.63,14.41,14.63,10700
2005-03-15,14.63,14.63,14.5,14.51,13700
2005-03-16,14.54,14.61,14.54,14.61,6000
2005-03-17,14.5,14.51,14.5,14.51,2400
2005-03-18,14.44,14.56,14.44,14.5,5600
2005-03-21,14.45,14.48,14.28,14.28,7900
2005-03-22,14.29,14.46,14.29,14.35,4300
2005-03-23,14.34,14.34,13.91,13.95,22100
2005-03-24,14.02,14.03,13.98,14.03,8200
2005-03-28,14.13,14.13,13.88,14.05,20600
2005-03-29,14.07,14.07,13.88,13.96,8000
2005-03-30,14.0,14.03,13.92,14.03,6000
2005-03-31,14.05,14.17,14.05,14.17,3900
2005-04-01,14.2,14.26,14.18,14.26,3400
2005-04-04,14.3,14.45,14.3,14.32,14100
2005-04-05,14.4,14.55,14.27,14.27,28400
2005-04-06,14.39,14.4,14.32,14.32,5300
2005-04-07,14.28,14.39,14.28,14.37,2600
2005-04-08,14.28,14.39,14.28,14.32,5000
2005-04-11,14.31,14.37,14.27,14.37,12600
2005-04-12,14.36,14.42,14.32,14.42,12900
2005-04-13,14.44,14.56,14.35,14.56,10200
2005-04-14,14.4,14.55,14.4,14.55,5500
2005-04-15,14.6,14.75,14.54,14.55,8400
2005-04-18,14.65,14.69,14.65,14.69,4300
2005-04-19,14.69,14.75,14.64,14.65,6300
2005-04-20,14.57,14.65,14.57,14.65,4100
2005-04-21,14.7,14.7,14.5,14.58,9600
2005-04-22,14.65,14.65,14.5,14.59,4600
2005-04-25,14.53,14.7,14.53,14.56,5500
2005-04-26,14.7,14.72,14.6,14.61,12000
2005-04-27,14.65,14.65,14.44,14.5,20100
2005-04-28,14.49,14.62,14.49,14.62,2600
2005-04-29,14.6,14.64,14.6,14.64,7900
2005-05-02,14.56,14.79,14.56,14.71,8600
2005-05-03,14.69,14.77,14.61,14.69,14000
2005-05-04,14.7,14.76,14.67,14.7,10400
2005-05-05,14.75,14.77,14.66,14.66,12200
2005-05-06,14.66,14.69,14.66,14.69,3700
2005-05-09,14.63,14.8,14.63,14.8,7200
2005-05-10,14.8,14.91,14.8,14.91,12400
2005-05-11,14.9,14.9,14.74,14.76,13200
2005-05-12,14.76,14.76,14.7,14.7,10100
2005-05-13,14.71,14.79,14.68,14.79,11400
2005-05-16,14.79,14.81,14.72,14.81,6600
2005-05-17,14.83,14.91,14.78,14.78,10300
2005-05-18,14.83,14.83,14.76,14.82,24300
2005-05-19,14.82,14.83,14.76,14.76,12900
2005-05-20,14.8,14.8,14.77,14.8,3200
2005-05-23,14.83,14.85,14.77,14.84,9900
2005-05-24,14.78,14.99,14.78,14.99,17900
2005-05-25,14.99,14.99,14.8,14.8,11100
2005-05-26,14.85,14.9,14.77,14.9,3800
2005-05-27,14.8,15.0,14.8,14.93,11400
2005-05-31,14.95,15.0,14.82,14.9,8800
2005-06-01,14.95,15.04,14.95,15.0,5900
2005-06-02,15.01,15.05,14.95,14.99,23700
2005-06-03,15.05,15.1,15.0,15.05,18300
2005-06-06,15.05,15.19,15.0,15.15,21000
2005-06-07,15.2,15.5,15.1,15.29,27300
2005-06-08,15.12,15.2,15.11,15.14,5000
2005-06-09,15.14,15.18,15.08,15.17,11300
2005-06-10,15.17,15.17,15.03,15.16,11900
2005-06-13,15.17,15.17,15.1,15.13,9500
2005-06-14,15.13,15.33,15.11,15.11,11200
2005-06-15,15.05,15.2,15.05,15.19,16700
2005-06-16,15.15,15.28,14.98,15.05,49600
2005-06-17,15.02,15.12,15.01,15.01,4200
2005-06-20,15.01,15.45,15.01,15.25,30300
2005-06-21,15.25,15.4,15.17,15.3,28500
2005-06-22,15.4,15.4,15.32,15.4,4900
2005-06-23,15.45,15.46,15.2,15.2,13300
2005-06-24,15.2,15.39,15.19,15.39,8000
2005-06-27,15.35,15.41,15.35,15.4,3600
2005-06-28,15.4,15.42,15.37,15.4,4700
2005-06-29,15.4,15.44,15.37,15.39,5300
2005-06-30,15.44,15.52,15.44,15.5,3400
2005-07-01,15.56,15.56,15.45,15.5,2100
2005-07-05,15.5,15.5,15.41,15.45,10000
2005-07-06,15.5,15.5,15.4,15.49,8300
2005-07-07,15.44,15.58,15.44,15.58,6400
2005-07-08,15.45,15.75,15.45,15.63,8100
2005-07-11,15.57,15.7,15.46,15.7,11100
2005-07-12,15.74,15.74,15.55,15.68,12800
2005-07-13,15.65,15.65,15.52,15.6,9600
2005-07-14,15.54,15.59,15.5,15.5,7500
2005-07-15,15.48,15.54,15.45,15.54,8800
2005-07-18,15.54,15.58,15.44,15.44,7200
2005-07-19,15.43,15.55,15.4,15.55,6200
2005-07-20,15.5,15.58,15.46,15.49,4000
2005-07-21,15.48,15.6,15.43,15.6,23800
2005-07-22,15.6,15.6,15.54,15.54,1800
2005-07-25,15.6,15.64,15.6,15.64,2400
2005-07-26,15.6,15.75,15.6,15.68,9200
2005-07-27,15.8,15.89,15.75,15.75,6300
2005-07-28,15.75,15.87,15.66,15.7,13900
2005-07-29,15.7,16.0,15.7,15.95,18300
2005-08-01,16.0,16.0,15.9,15.99,8600
2005-08-02,15.95,15.95,15.64,15.83,27400
2005-08-03,15.85,16.83,15.73,16.83,11300
2005-08-04,15.83,16.0,15.8,15.8,24100
2005-08-05,15.7,15.8,15.54,15.58,18300
2005-08-08,15.58,15.58,15.36,15.4,22300
2005-08-09,15.43,15.5,15.41,15.5,13300
2005-08-10,15.42,15.47,15.33,15.47,3600
2005-08-11,15.47,15.52,15.47,15.52,7800
2005-08-12,15.42,15.6,15.35,15.5,4900
2005-08-15,15.45,15.57,15.45,15.49,5800
2005-08-16,15.45,15.64,15.44,15.48,8900
2005-08-17,15.45,15.45,15.43,15.43,3200
2005-08-18,15.48,15.55,15.48,15.55,4900
2005-08-19,15.5,15.53,15.44,15.45,4900
2005-08-22,15.43,15.43,15.41,15.42,4800
2005-08-23,15.41,15.49,15.4,15.45,6700
2005-08-24,15.41,15.61,15.41,15.51,10700
2005-08-25,15.65,15.65,15.5,15.55,9400
2005-08-26,15.57,15.7,15.55,15.69,9700
2005-08-29,15.8,15.81,15.71,15.76,16300
2005-08-30,15.82,15.89,15.65,15.75,25100
2005-08-31,15.85,15.94,15.85,15.94,11000
2005-09-01,15.94,15.94,15.84,15.85,6700
2005-09-02,15.94,15.97,15.82,15.97,11100
2005-09-06,16.07,16.07,15.83,15.98,7200
2005-09-07,15.88,15.98,15.87,15.95,5500
2005-09-08,16.0,16.07,15.9,16.07,6600
2005-09-09,16.07,16.14,15.98,16.14,7700
2005-09-12,16.18,16.45,16.06,16.45,13400
2005-09-13,16.35,16.35,16.2,16.29,19900
2005-09-14,16.17,16.22,16.15,16.2,2100
2005-09-15,16.25,16.25,16.07,16.12,6900
2005-09-16,16.2,16.2,16.07,16.12,21300
2005-09-19,16.22,16.22,16.07,16.08,1400
2005-09-20,16.08,16.38,16.07,16.15,31000
2005-09-21,16.3,16.3,16.04,16.06,11500
2005-09-22,16.05,16.05,15.81,16.0,19000
2005-09-23,16.05,16.15,15.78,15.78,20000
2005-09-26,15.88,16.2,15.8,16.01,21300
2005-09-27,16.1,16.1,15.85,16.04,12100
2005-09-28,16.05,16.05,15.9,15.95,3100
2005-09-29,16.05,16.11,15.82,15.9,11100
2005-09-30,15.8,16.04,15.8,16.04,5900
2005-10-03,16.14,16.14,15.9,15.94,5100
2005-10-04,15.98,16.05,15.95,16.05,21400
2005-10-05,16.1,16.1,16.0,16.1,5400
2005-10-06,16.05,16.15,15.75,15.75,7500
2005-10-07,15.78,15.79,15.76,15.76,1500
2005-10-10,15.9,15.9,15.6,15.6,9600
2005-10-11,15.7,15.75,15.41,15.52,25200
2005-10-12,15.57,15.57,15.36,15.45,28000
2005-10-13,15.4,15.47,15.25,15.34,17700
2005-10-14,15.34,15.44,15.26,15.34,7100
2005-10-17,15.38,15.38,15.3,15.3,3800
2005-10-18,15.26,15.35,15.11,15.11,20600
2005-10-19,15.13,15.18,15.06,15.06,4200
2005-10-20,15.02,15.11,15.02,15.1,1800
2005-10-21,15.2,15.24,15.14,15.24,8200
2005-10-24,15.3,15.3,15.15,15.25,10000
2005-10-25,15.2,15.4,15.2,15.3,18700
2005-10-26,15.37,15.37,15.13,15.3,14400
2005-10-27,15.38,15.38,15.2,15.2,4500
2005-10-28,15.3,15.43,15.29,15.43,6000
2005-10-31,15.48,15.5,15.31,15.31,14600
2005-11-01,15.41,15.51,15.31,15.31,10000
2005-11-02,15.25,15.33,15.15,15.23,22300
2005-11-03,15.27,15.28,15.26,15.27,4900
2005-11-04,15.27,15.27,15.21,15.21,1700
2005-11-07,15.27,15.29,15.18,15.19,11200
2005-11-08,15.25,15.33,15.15,15.15,28900
2005-11-09,15.2,15.2,15.05,15.18,23600
2005-11-10,15.16,15.19,15.11,15.11,20600
2005-11-11,15.12,15.18,15.05,15.18,11200
2005-11-14,15.1,15.15,15.1,15.1,4100
2005-11-15,15.1,15.1,15.04,15.08,5400
2005-11-16,15.01,15.16,14.98,15.16,10700
2005-11-17,15.25,15.25,15.1,15.1,6500
2005-11-18,15.25,15.26,15.08,15.15,9100
2005-11-21,15.23,15.25,15.11,15.12,7200
2005-11-22,15.08,15.25,15.08,15.15,4700
2005-11-23,15.2,15.26,15.17,15.19,7500
2005-11-25,15.15,15.21,15.09,15.17,1400
2005-11-28,15.21,15.36,15.21,15.36,8000
2005-11-29,15.38,15.42,15.3,15.41,10200
2005-11-30,15.43,15.58,15.43,15.56,17300
2005-12-01,15.6,15.64,15.59,15.63,10700
2005-12-02,15.63,15.8,15.63,15.8,10700
2005-12-05,15.85,15.85,15.65,15.65,4100
2005-12-06,15.7,15.8,15.7,15.75,3800
2005-12-07,15.7,15.74,15.6,15.66,7400
2005-12-08,15.7,15.92,15.7,15.9,21900
2005-12-09,15.87,16.0,15.85,16.0,6900
2005-12-12,16.0,16.08,15.91,15.97,6500
2005-12-13,16.02,16.04,15.96,15.96,6100
2005-12-14,15.98,16.05,15.98,16.04,8200
2005-12-15,15.99,16.16,15.99,16.07,6800
2005-12-16,16.17,16.22,16.0,16.03,6800
2005-12-19,16.08,16.08,15.9,15.95,11100
2005-12-20,16.06,16.06,16.05,16.05,3400
2005-12-21,16.1,16.24,15.98,16.24,17000
2005-12-22,16.3,16.3,15.9,16.23,26700
2005-12-23,16.4,16.4,16.05,16.35,16000
2005-12-27,16.28,16.33,16.1,16.16,8700
2005-12-28,16.2,16.2,16.1,16.12,5600
2005-12-29,16.16,16.16,16.1,16.13,2100
2005-12-30,16.08,16.21,16.08,16.2,1900
2006-01-03,16.22,16.37,16.05,16.07,9000
2006-01-04,16.1,16.25,16.1,16.24,2100
2006-01-05,16.31,16.36,16.2,16.23,5900
2006-01-06,16.33,16.33,16.11,16.11,7200
2006-01-09,16.01,16.25,16.01,16.23,17100
2006-01-10,16.25,16.29,16.25,16.26,6900
2006-01-11,16.18,16.22,16.17,16.2,7100
2006-01-12,16.2,16.21,15.87,15.88,17600
2006-01-13,15.93,16.0,15.89,15.89,6500
2006-01-17,15.83,16.06,15.82,16.06,10800
2006-01-18,16.0,16.0,16.0,16.0,200
2006-01-19,16.05,16.05,15.85,15.91,8400
2006-01-20,16.0,16.04,15.99,16.02,3400
2006-01-23,16.13,16.25,16.0,16.22,14800
2006-01-24,16.3,16.3,16.04,16.21,9900
2006-01-25,16.26,16.37,16.26,16.33,4700
2006-01-26,16.4,16.5,16.17,16.24,11100
2006-01-27,16.4,16.48,16.28,16.3,6500
2006-01-30,16.25,16.35,16.23,16.34,3500
2006-01-31,16.4,16.45,16.36,16.45,4900
2006-02-01,16.4,16.48,15.97,15.98,24600
2006-02-02,16.03,16.03,15.51,15.76,47400
2006-02-03,15.7,15.75,15.55,15.6,12100
2006-02-06,15.7,15.7,15.46,15.5,17400
2006-02-07,15.6,15.69,15.4,15.4,24900
2006-02-08,15.49,15.49,15.36,15.37,11000
2006-02-09,15.4,15.4,15.19,15.3,20400
2006-02-10,15.35,15.37,15.29,15.32,8500
2006-02-13,15.32,15.4,15.15,15.33,19300
2006-02-14,15.3,15.31,15.25,15.31,4400
2006-02-15,15.36,15.6,15.29,15.5,15000
2006-02-16,15.55,15.62,15.37,15.37,6500
2006-02-17,15.47,15.7,15.47,15.7,13700
2006-02-21,15.75,16.1,15.66,15.71,44600
2006-02-22,15.79,15.81,15.72,15.79,7100
2006-02-23,15.86,15.86,15.68,15.72,7300
2006-02-24,15.8,15.8,15.65,15.72,5300
2006-02-27,15.77,15.77,15.76,15.76,2400
2006-02-28,15.81,15.86,15.65,15.68,13300
2006-03-01,15.78,15.8,15.6,15.6,7200
2006-03-02,15.7,15.7,15.66,15.66,2600
2006-03-03,15.66,15.66,15.38,15.38,10000
2006-03-06,15.42,15.42,15.01,15.1,21600
2006-03-07,15.09,15.09,15.04,15.04,6100
2006-03-08,15.02,15.11,14.85,14.85,9200
2006-03-09,14.85,14.95,14.83,14.89,5700
2006-03-10,14.9,14.93,14.78,14.82,9300
2006-03-13,14.87,14.92,14.78,14.78,12400
2006-03-14,14.76,14.84,14.76,14.76,7600
2006-03-15,14.76,14.8,14.65,14.65,18900
2006-03-16,14.65,14.73,14.52,14.61,21200
2006-03-17,14.56,14.68,14.54,14.68,10300
2006-03-20,14.69,14.76,14.68,14.75,11600
2006-03-21,14.7,14.9,14.7,14.9,14000
2006-03-22,14.89,15.1,14.77,14.89,41100
2006-03-23,14.86,15.09,14.86,15.09,4900
2006-03-24,15.0,15.06,14.92,15.03,7400
2006-03-27,15.13,15.23,15.0,15.23,12100
2006-03-28,15.13,15.2,15.06,15.15,4400
2006-03-29,15.25,15.26,15.07,15.2,13100
2006-03-30,15.25,15.28,15.18,15.18,7100
2006-03-31,15.28,15.36,15.05,15.08,13600
2006-04-03,15.15,15.15,14.91,14.95,7500
2006-04-04,15.05,15.12,14.82,14.87,17400
2006-04-05,14.92,14.93,14.76,14.76,21200
2006-04-06,14.82,14.9,14.77,14.9,7400
2006-04-07,14.93,14.94,14.78,14.78,3800
2006-04-10,14.76,14.9,14.76,14.9,6500
2006-04-11,14.82,14.89,14.71,14.89,11100
2006-04-12,14.84,14.94,14.77,14.92,8800
2006-04-13,14.94,15.05,14.89,15.0,7300
2006-04-17,15.0,15.0,14.75,14.76,28500
2006-04-18,14.75,14.81,14.59,14.66,15200
2006-04-19,14.65,14.66,14.59,14.66,7100
2006-04-20,14.6,14.72,14.6,14.72,7700
2006-04-21,14.72,14.91,14.72,14.85,16200
2006-04-24,14.85,14.99,14.5,14.66,43300
2006-04-25,14.68,14.68,14.56,14.58,5300
2006-04-26,14.68,14.68,14.51,14.52,11000
2006-04-27,14.52,14.59,14.52,14.58,900
2006-04-28,14.58,14.66,14.58,14.62,5100
2006-05-01,14.59,14.66,14.55,14.62,9400
2006-05-02,14.7,14.74,14.65,14.65,3200
2006-05-03,14.65,14.74,14.65,14.74,2800
2006-05-04,14.74,14.95,14.74,14.9,6600
2006-05-05,14.98,14.98,14.87,14.93,14300
2006-05-08,14.94,14.94,14.93,14.94,5100
2006-05-09,14.94,14.94,14.9,14.93,6300
2006-05-10,14.92,14.99,14.91,14.99,11200
2006-05-11,15.0,15.0,14.9,14.92,11700
2006-05-12,14.97,15.0,14.83,14.97,12700
2006-05-15,15.07,15.07,14.9,14.96,4600
2006-05-16,15.01,15.1,14.97,15.1,9900
2006-05-17,14.98,15.0,14.97,15.0,3500
2006-05-18,14.95,15.0,14.89,14.92,6200
2006-05-19,14.87,14.92,14.87,14.89,5100
2006-05-22,14.84,14.92,14.84,14.92,15000
2006-05-23,15.0,15.0,14.9,14.92,3800
2006-05-24,14.91,15.05,14.87,15.0,3700
2006-05-25,15.03,15.05,15.03,15.04,9900
2006-05-26,15.1,15.22,15.04,15.09,6900
2006-05-30,15.22,15.22,15.06,15.22,2900
2006-05-31,15.27,15.54,15.12,15.38,17000
2006-06-01,15.48,15.55,15.48,15.55,5400
2006-06-02,15.52,15.61,15.52,15.61,6400
2006-06-05,15.6,15.85,15.6,15.69,15000
2006-06-06,15.72,15.78,15.55,15.69,10500
2006-06-07,15.6,15.67,15.5,15.5,17800
2006-06-08,15.48,15.56,15.2,15.35,18500
2006-06-09,15.3,15.39,15.24,15.29,5000
2006-06-12,15.35,15.35,15.0,15.0,22900
2006-06-13,15.01,15.1,14.97,15.1,3100
2006-06-14,15.0,15.1,14.75,14.85,17000
2006-06-15,14.76,14.9,14.76,14.9,5500
2006-06-16,14.89,14.95,14.89,14.95,6000
2006-06-19,14.91,15.05,14.91,15.0,6500
2006-06-20,15.14,15.14,14.93,14.97,15600
2006-06-21,15.02,15.09,14.92,15.04,8800
2006-06-22,15.08,15.12,14.99,14.99,1400
2006-06-23,14.9,15.05,14.9,15.04,9200
2006-06-26,15.0,15.1,15.0,15.1,3500
2006-06-27,15.3,15.33,15.3,15.31,7200
2006-06-28,15.36,15.39,15.3,15.3,3600
2006-06-29,15.21,15.28,15.21,15.28,8900
2006-06-30,15.3,15.31,15.23,15.23,7000
2006-07-03,15.13,15.43,14.97,15.43,11700
2006-07-05,15.45,15.45,15.25,15.3,8300
2006-07-06,15.35,15.43,15.25,15.37,10100
2006-07-07,15.37,15.46,15.36,15.4,4400
2006-07-10,15.36,15.47,15.18,15.2,12000
2006-07-11,15.18,15.18,15.08,15.13,2900
2006-07-12,15.2,15.34,15.2,15.34,4100
2006-07-13,15.4,15.4,15.25,15.29,5800
2006-07-14,15.32,15.32,15.2,15.2,6900
2006-07-17,15.25,15.31,15.12,15.2,10400
2006-07-18,15.25,15.31,15.15,15.15,3900
2006-07-19,15.2,15.42,15.2,15.4,5500
2006-07-20,15.3,15.53,15.3,15.53,6500
2006-07-21,15.6,15.64,15.45,15.55,11200
2006-07-24,15.6,15.76,15.59,15.76,4500
2006-07-25,15.75,15.84,15.71,15.71,7100
2006-07-26,15.77,15.87,15.61,15.75,8700
2006-07-27,15.82,15.82,15.77,15.82,6900
2006-07-28,15.9,15.95,15.7,15.9,7600
2006-07-31,15.9,15.92,15.81,15.92,1900
2006-08-01,15.82,15.92,15.75,15.87,10400
2006-08-02,15.97,15.97,15.88,15.88,4800
2006-08-03,15.98,16.0,15.9,15.99,9700
2006-08-04,15.99,16.0,15.99,16.0,8900
2006-08-07,15.95,16.14,15.95,16.14,4800
2006-08-08,16.05,16.19,16.05,16.19,15100
2006-08-09,16.0,16.22,15.87,16.05,10900
2006-08-10,16.1,16.1,16.0,16.1,9000
2006-08-11,16.0,16.19,16.0,16.15,7000
2006-08-14,16.05,16.18,16.05,16.18,1300
2006-08-15,16.12,16.22,16.12,16.12,8800
2006-08-16,16.2,16.22,16.11,16.11,5800
2006-08-17,16.11,16.22,16.07,16.12,9100
2006-08-18,16.05,16.23,16.05,16.2,12700
2006-08-21,16.1,16.25,16.05,16.06,11200
2006-08-22,16.38,16.56,16.25,16.26,34800
2006-08-23,16.23,16.41,16.23,16.4,4700
2006-08-24,16.4,16.49,16.37,16.37,3700
2006-08-25,16.3,16.39,16.0,16.34,18400
2006-08-28,16.37,16.37,15.97,16.14,21100
2006-08-29,16.21,16.3,16.21,16.3,9400
2006-08-30,16.31,16.38,15.95,16.25,28100
2006-08-31,16.11,16.16,16.06,16.06,10700
2006-09-01,16.0,16.07,16.0,16.07,2900
2006-09-05,16.0,16.25,16.0,16.19,5600
2006-09-06,16.05,16.23,15.92,15.95,14100
2006-09-07,15.92,16.11,15.85,16.11,5900
2006-09-08,16.17,16.17,16.15,16.16,1400
2006-09-11,16.06,16.18,16.06,16.06,4900
2006-09-12,16.0,16.17,15.94,16.11,8200
2006-09-13,16.14,16.24,16.14,16.24,3300
2006-09-14,16.34,16.36,16.1,16.25,13800
2006-09-15,16.36,16.36,16.21,16.21,2800
2006-09-18,16.3,16.31,16.15,16.17,12000
2006-09-19,16.12,16.18,16.12,16.15,5400
2006-09-20,16.16,16.22,16.09,16.2,8900
2006-09-21,16.1,16.25,16.1,16.25,3100
2006-09-22,16.15,16.25,16.13,16.13,7200
2006-09-25,16.23,16.24,16.14,16.14,3400
2006-09-26,16.1,16.25,16.05,16.25,17900
2006-09-27,16.27,16.47,16.24,16.47,18700
2006-09-28,16.3,16.47,16.3,16.35,2200
2006-09-29,16.4,16.54,16.4,16.45,11600
2006-10-02,16.4,16.4,16.3,16.39,4200
2006-10-03,16.44,16.46,16.2,16.2,16700
2006-10-04,16.2,16.37,16.2,16.23,17900
2006-10-05,16.15,16.3,16.1,16.29,8100
2006-10-06,16.5,16.5,16.37,16.37,7100
2006-10-09,16.27,16.37,16.27,16.33,4800
2006-10-10,16.31,16.31,16.25,16.25,600
2006-10-11,16.22,16.3,16.22,16.26,6100
2006-10-12,16.32,16.32,16.06,16.06,7400
2006-10-13,16.06,16.06,16.0,16.0,6500
2006-10-16,16.1,16.22,15.97,16.03,15700
2006-10-17,16.06,16.25,16.06,16.2,6100
2006-10-18,16.25,16.25,16.16,16.16,2200
2006-10-19,16.21,16.24,16.11,16.11,3200
2006-10-20,16.05,16.13,15.96,16.09,8700
2006-10-23,16.0,16.18,16.0,16.18,7200
2006-10-24,16.13,16.13,16.13,16.13,100
2006-10-25,16.16,16.16,16.06,16.11,4400
2006-10-26,16.14,16.15,15.94,16.1,13100
2006-10-27,16.2,16.2,16.1,16.19,6500
2006-10-30,16.1,16.15,16.06,16.11,5400
2006-10-31,16.11,16.4,16.11,16.21,18600
2006-11-01,16.3,16.5,16.15,16.5,11900
2006-11-02,16.4,16.5,16.37,16.46,6000
2006-11-03,16.45,16.51,16.4,16.49,7800
2006-11-06,16.45,16.49,16.45,16.49,2600
2006-11-07,16.53,16.53,16.35,16.35,6600
2006-11-08,16.3,16.35,16.26,16.35,3300
2006-11-09,16.23,16.23,16.23,16.23,1400
2006-11-10,16.2,16.3,16.2,16.25,4100
2006-11-13,16.25,16.45,16.25,16.35,9200
2006-11-14,16.4,16.49,16.4,16.46,5800
2006-11-15,16.36,16.43,16.36,16.4,4500
2006-11-16,16.45,16.54,16.41,16.45,10000
2006-11-17,16.42,16.44,16.42,16.44,2200
2006-11-20,16.44,16.44,16.34,16.34,9400
2006-11-21,16.33,16.42,16.31,16.38,7200
2006-11-22,16.3,16.39,16.3,16.35,3600
2006-11-24,16.3,16.3,16.1,16.1,5300
2006-11-27,16.15,16.25,16.1,16.18,12700
2006-11-28,16.22,16.32,16.11,16.11,9900
2006-11-29,16.15,16.29,16.15,16.27,7700
2006-11-30,16.18,16.4,16.18,16.39,12400
2006-12-01,16.33,16.4,16.22,16.4,6800
2006-12-04,16.4,16.46,16.31,16.46,10300
2006-12-05,16.39,16.49,16.38,16.49,5000
2006-12-06,16.35,16.5,16.35,16.48,6100
2006-12-07,16.46,16.47,16.45,16.45,400
2006-12-08,16.48,16.6,16.46,16.6,11400
2006-12-11,16.6,16.67,16.51,16.63,4500
2006-12-12,16.58,16.68,16.58,16.64,1800
2006-12-13,16.6,16.75,16.49,16.55,15300
2006-12-14,16.56,16.6,16.42,16.44,5400
2006-12-15,16.5,16.59,16.27,16.27,12700
2006-12-18,16.35,16.44,16.33,16.33,2400
2006-12-19,16.43,16.43,16.2,16.21,4900
2006-12-20,16.28,16.28,16.11,16.12,11500
2006-12-21,16.11,16.35,16.1,16.25,5100
2006-12-22,16.2,16.25,16.15,16.15,3000
2006-12-26,16.06,16.24,16.06,16.24,2700
2006-12-27,16.21,16.21,16.05,16.2,9500
2006-12-28,16.13,16.23,16.03,16.17,7000
2006-12-29,16.07,16.3,16.07,16.24,3900
2007-01-03,16.15,16.42,16.05,16.35,9300
2007-01-04,16.35,16.35,16.15,16.3,9200
2007-01-05,16.35,16.35,16.15,16.16,4800
2007-01-08,16.1,16.3,16.1,16.3,7700
2007-01-09,16.16,16.34,16.16,16.3,1000
2007-01-10,16.3,16.3,16.13,16.18,6200
2007-01-11,16.07,16.1,15.97,16.06,11200
2007-01-12,16.11,16.11,15.94,16.01,12600
2007-01-16,16.0,16.0,15.9,15.9,18800
2007-01-17,15.95,16.0,15.95,15.96,5600
2007-01-18,15.95,15.95,15.92,15.92,4200
2007-01-19,15.9,16.0,15.9,15.95,2900
2007-01-22,15.98,16.0,15.96,16.0,4000
2007-01-23,15.96,15.96,15.9,15.96,3100
2007-01-24,16.0,16.0,15.96,15.97,1800
2007-01-25,15.9,15.99,15.9,15.9,14400
2007-01-26,15.92,15.94,15.75,15.9,3000
2007-01-29,16.0,16.0,15.9,15.9,2900
2007-01-30,15.8,16.04,15.8,15.85,9600
2007-01-31,15.9,16.05,15.9,16.04,7100
2007-02-01,16.1,16.12,16.1,16.12,600
2007-02-02,16.12,16.12,15.94,16.05,11600
2007-02-05,16.0,16.08,15.96,16.05,3000
2007-02-06,15.93,16.03,15.93,16.01,1400
2007-02-07,16.06,16.06,15.98,16.05,5900
2007-02-08,16.05,16.07,16.0,16.0,7300
2007-02-09,15.92,16.02,15.92,15.94,1200
2007-02-12,15.89,15.89,15.76,15.88,12600
2007-02-13,15.85,15.88,15.85,15.88,2000
2007-02-14,15.81,16.05,15.81,16.04,8100
2007-02-15,16.1,16.1,15.91,15.91,2300
2007-02-16,16.0,16.17,15.89,15.89,16600
2007-02-20,15.94,15.94,15.67,15.68,23900
2007-02-21,15.64,15.64,15.51,15.52,7300
2007-02-22,15.62,15.62,15.49,15.52,7700
2007-02-23,15.52,15.6,15.43,15.6,7200
2007-02-26,15.65,15.7,15.63,15.69,4000
2007-02-27,15.74,15.8,15.71,15.71,4700
2007-02-28,15.66,15.85,15.66,15.82,10600
2007-03-01,15.9,15.94,15.8,15.82,7400
2007-03-02,15.9,15.9,15.7,15.8,1300
2007-03-05,15.93,15.93,15.75,15.84,4700
2007-03-06,15.9,15.9,15.7,15.71,2200
2007-03-07,15.71,15.87,15.71,15.87,7400
2007-03-08,15.8,15.83,15.8,15.83,4000
2007-03-09,15.8,15.95,15.7,15.93,11500
2007-03-12,16.0,16.0,16.0,16.0,1200
2007-03-13,16.0,16.09,16.0,16.01,3200
2007-03-14,15.96,16.07,15.88,15.91,8600
2007-03-15,16.01,16.07,15.91,15.91,5300
2007-03-16,16.05,16.05,15.95,15.95,3000
2007-03-19,16.0,16.0,15.88,15.89,8300
2007-03-20,16.0,16.04,15.96,16.0,5600
2007-03-21,16.04,16.04,15.96,15.96,3000
2007-03-22,15.86,16.1,15.86,16.1,5100
2007-03-23,16.05,16.29,16.02,16.29,8800
2007-03-26,16.19,16.19,16.02,16.12,9200
2007-03-27,16.2,16.23,16.05,16.12,9300
2007-03-28,16.17,16.21,16.07,16.14,3000
2007-03-29,16.2,16.2,16.14,16.15,900
2007-03-30,16.25,16.25,16.12,16.12,1500
2007-04-02,16.15,16.25,16.09,16.18,7800
2007-04-03,16.1,16.2,15.92,16.11,10000
2007-04-04,16.11,16.19,16.04,16.16,3600
2007-04-05,16.12,16.33,16.12,16.23,4900
2007-04-09,16.32,16.67,16.1,16.5,13500
2007-04-10,16.38,16.48,16.31,16.48,7000
2007-04-11,16.43,16.57,16.4,16.4,9600
2007-04-12,16.45,16.47,16.16,16.25,8300
2007-04-13,16.35,16.35,16.16,16.2,4400
2007-04-16,16.28,16.3,16.13,16.3,7200
2007-04-17,16.3,16.3,16.14,16.24,9200
2007-04-18,16.35,16.4,16.26,16.3,5100
2007-04-19,16.25,16.43,16.23,16.43,5700
2007-04-20,16.48,16.49,16.43,16.43,2900
2007-04-23,16.44,16.44,16.29,16.3,3000
2007-04-24,16.25,16.59,16.25,16.59,6300
2007-04-25,16.5,16.62,16.5,16.6,4800
2007-04-26,16.62,16.62,16.51,16.55,4100
2007-04-27,16.6,16.64,16.54,16.54,2100
2007-04-30,16.66,16.74,16.66,16.74,1000
2007-05-01,16.74,16.8,16.65,16.65,3600
2007-05-02,16.75,16.87,16.71,16.71,3700
2007-05-03,16.71,16.71,16.7,16.7,2700
2007-05-04,16.65,16.81,16.56,16.65,8800
2007-05-07,16.65,16.65,16.53,16.61,9400
2007-05-08,16.55,16.59,16.51,16.55,10000
2007-05-09,16.58,16.58,16.33,16.33,10800
2007-05-10,16.27,16.33,16.22,16.27,2700
2007-05-11,16.37,16.42,16.33,16.33,5500
2007-05-14,16.24,16.4,16.24,16.27,5700
2007-05-15,16.42,16.42,16.25,16.25,8800
2007-05-16,16.24,16.36,16.24,16.3,12000
2007-05-17,16.4,16.4,16.13,16.15,4300
2007-05-18,16.35,16.35,16.26,16.26,3300
2007-05-21,16.2,16.25,16.15,16.15,3600
2007-05-22,16.15,16.16,16.0,16.05,6600
2007-05-23,16.0,16.06,15.96,15.99,4500
2007-05-24,15.99,16.13,15.99,16.06,3000
2007-05-25,16.15,16.15,15.94,16.0,5800
2007-05-29,15.92,16.5,15.92,16.25,16700
2007-05-30,16.3,16.42,16.16,16.41,8500
2007-05-31,16.43,16.43,16.32,16.32,1500
2007-06-01,16.22,16.36,16.16,16.24,3800
2007-06-04,16.25,16.28,16.08,16.08,2200
2007-06-05,15.93,16.22,15.9,16.01,6000
2007-06-06,16.17,16.19,16.06,16.06,5500
2007-06-07,15.89,15.96,15.76,15.8,9400
2007-06-08,15.7,15.89,15.59,15.76,35300
2007-06-11,15.66,15.66,15.39,15.39,20500
2007-06-12,15.49,15.49,14.55,14.67,85100
2007-06-13,14.74,14.84,14.65,14.79,20300
2007-06-14,14.85,14.94,14.85,14.93,15600
2007-06-15,14.95,15.08,14.95,15.06,15600
2007-06-18,15.1,15.18,15.1,15.13,8300
2007-06-19,15.15,15.26,15.15,15.25,17300
2007-06-20,15.29,15.29,15.13,15.13,14300
2007-06-21,15.15,15.38,15.15,15.28,9700
2007-06-22,15.15,15.16,15.15,15.16,3300
2007-06-25,15.18,15.24,15.08,15.08,15000
2007-06-26,15.08,15.09,15.08,15.08,1700
2007-06-27,15.1,15.2,15.1,15.2,9200
2007-06-28,15.29,15.29,15.17,15.2,4700
2007-06-29,15.1,15.2,15.1,15.13,4700
2007-07-02,15.13,15.44,15.09,15.19,9400
2007-07-03,15.13,15.45,15.13,15.45,4600
2007-07-05,15.45,15.45,15.33,15.33,1900
2007-07-06,15.4,15.41,15.24,15.24,3900
2007-07-09,15.22,15.59,15.22,15.35,5900
2007-07-10,15.3,15.5,15.3,15.41,8400
2007-07-11,15.49,15.49,15.14,15.14,33400
2007-07-12,15.2,15.21,15.0,15.0,40900
2007-07-13,15.08,15.08,14.99,14.99,15500
2007-07-16,14.96,15.34,14.9,15.34,18300
2007-07-17,15.25,15.25,14.89,14.96,8800
2007-07-18,14.91,14.95,14.91,14.94,4300
2007-07-19,14.9,14.96,14.9,14.92,3400
2007-07-20,14.98,14.98,14.81,14.98,6500
2007-07-23,14.93,15.01,14.93,14.96,5000
2007-07-24,15.0,15.07,14.84,14.95,4500
2007-07-25,14.94,14.94,14.77,14.78,5000
2007-07-26,14.88,14.89,14.75,14.75,6700
2007-07-27,14.76,14.96,14.69,14.96,8500
2007-07-30,14.99,14.99,14.8,14.8,7000
2007-07-31,14.9,15.0,14.9,14.94,2000
2007-08-01,14.94,14.99,14.84,14.99,3500
2007-08-02,14.67,14.79,14.3,14.42,58200
2007-08-03,14.3,14.49,14.18,14.39,30300
2007-08-06,14.25,14.3,13.96,13.99,24800
2007-08-07,13.96,14.01,13.92,13.93,4300
2007-08-08,13.93,13.93,13.62,13.68,20100
2007-08-09,13.55,13.65,13.55,13.65,11100
2007-08-10,13.65,13.67,13.37,13.55,19800
2007-08-13,13.55,13.57,13.41,13.57,9600
2007-08-14,13.58,13.59,13.57,13.57,5600
2007-08-15,13.46,13.58,13.46,13.57,18800
2007-08-16,13.6,13.6,13.2,13.23,5200
2007-08-17,13.28,13.43,13.28,13.43,8700
2007-08-20,13.43,13.43,13.2,13.28,40100
2007-08-21,13.3,13.34,13.3,13.33,13400
2007-08-22,13.45,13.56,13.45,13.56,8000
2007-08-23,13.65,13.65,13.35,13.46,6500
2007-08-24,13.49,13.49,13.24,13.29,8400
2007-08-27,13.07,13.29,13.07,13.22,25200
2007-08-28,13.25,13.25,13.18,13.22,24300
2007-08-29,13.22,13.3,13.17,13.27,20700
2007-08-30,13.3,13.4,13.29,13.35,16700
2007-08-31,13.32,13.45,13.32,13.39,18500
2007-09-04,13.45,13.47,13.35,13.45,12700
2007-09-05,13.45,13.56,13.45,13.49,8000
2007-09-06,13.49,13.56,13.42,13.52,7700
2007-09-07,13.6,13.64,13.55,13.6,25100
2007-09-10,13.59,13.77,13.59,13.77,13200
2007-09-11,13.77,14.05,13.73,13.91,10300
2007-09-12,13.95,13.96,13.91,13.91,4200
2007-09-13,13.95,14.02,13.65,13.65,8200
2007-09-14,13.72,13.75,13.55,13.61,10400
2007-09-17,13.43,13.55,13.43,13.5,33500
2007-09-18,13.55,13.55,13.4,13.4,28100
2007-09-19,13.39,13.49,13.39,13.4,7200
2007-09-20,13.4,13.47,13.3,13.3,18500
2007-09-21,13.36,13.49,13.36,13.48,15700
2007-09-24,13.48,13.79,13.47,13.68,11700
2007-09-25,13.6,13.7,13.37,13.48,33900
2007-09-26,13.5,13.54,13.47,13.53,16400
2007-09-27,13.55,13.56,13.49,13.56,5500
2007-09-28,13.58,13.59,13.57,13.57,2100
2007-10-01,13.6,13.65,13.55,13.55,7900
2007-10-02,13.55,13.63,13.52,13.63,7800
2007-10-03,13.65,13.65,13.55,13.57,6200
2007-10-04,13.6,13.6,13.51,13.52,12400
2007-10-05,13.52,13.58,13.51,13.52,4800
2007-10-08,13.52,13.62,13.51,13.52,13600
2007-10-09,13.56,13.56,13.46,13.52,3600
2007-10-10,13.6,13.6,13.52,13.52,1400
2007-10-11,13.54,13.54,13.44,13.44,22100
2007-10-12,13.53,13.53,13.35,13.37,9300
2007-10-15,13.37,13.41,13.37,13.4,6800
2007-10-16,13.42,13.44,13.37,13.44,13000
2007-10-17,13.42,13.5,13.42,13.49,16800
2007-10-18,13.49,13.49,13.41,13.43,4800
2007-10-19,13.48,13.48,13.41,13.41,11000
2007-10-22,13.4,13.41,13.31,13.35,7300
2007-10-23,13.38,13.43,13.34,13.35,8200
2007-10-24,13.4,13.43,13.35,13.38,3600
2007-10-25,13.4,13.63,13.31,13.57,22100
2007-10-26,13.56,14.06,13.29,13.82,57100
2007-10-29,13.8,13.82,13.7,13.73,8000
2007-10-30,13.74,13.74,13.6,13.6,19300
2007-10-31,13.56,13.56,13.35,13.4,10200
2007-11-01,13.4,13.4,13.33,13.34,2500
2007-11-02,13.36,13.4,13.3,13.3,7700
2007-11-05,13.26,13.36,13.26,13.29,5300
2007-11-06,13.33,13.33,13.2,13.26,5300
2007-11-07,13.12,13.12,13.1,13.1,2600
2007-11-08,13.11,13.11,12.89,12.89,14700
2007-11-09,12.9,12.9,12.74,12.74,20600
2007-11-12,12.72,12.73,12.54,12.54,14100
2007-11-13,12.53,12.55,12.46,12.48,15200
2007-11-14,12.46,12.47,12.45,12.46,27200
2007-11-15,12.45,12.47,12.24,12.34,18000
2007-11-16,12.34,12.34,12.26,12.27,14600
2007-11-19,12.27,12.32,12.15,12.16,23300
2007-11-20,12.2,12.33,12.2,12.29,6400
2007-11-21,12.32,12.34,12.28,12.28,10500
2007-11-23,12.19,12.33,12.19,12.31,8300
2007-11-26,12.28,12.35,12.28,12.3,7100
2007-11-27,12.27,12.41,12.24,12.3,38600
2007-11-28,12.28,12.4,12.28,12.4,24500
2007-11-29,12.44,12.52,12.44,12.48,28800
2007-11-30,12.46,12.53,12.46,12.47,15000
2007-12-03,12.47,12.57,12.47,12.56,10900
2007-12-04,12.6,12.64,12.5,12.58,15800
2007-12-05,12.7,12.72,12.65,12.65,35700
2007-12-06,12.62,12.62,12.55,12.58,24700
2007-12-07,12.69,12.69,12.5,12.65,51700
2007-12-10,12.65,12.65,12.51,12.56,32500
2007-12-11,12.6,12.64,12.43,12.52,37100
2007-12-12,12.52,12.6,12.4,12.4,28900
2007-12-13,12.36,12.43,12.3,12.38,32900
2007-12-14,12.31,12.39,12.31,12.32,16300
2007-12-17,12.32,12.45,12.3,12.45,20600
2007-12-18,12.45,12.55,12.36,12.5,47700
2007-12-19,12.65,12.65,12.44,12.48,34200
2007-12-20,12.48,12.48,12.12,12.48,64000
2007-12-21,12.45,12.74,12.44,12.51,53100
2007-12-24,12.6,12.65,12.48,12.56,57100
2007-12-26,12.55,12.83,12.55,12.7,77100
2007-12-27,12.7,12.8,12.7,12.78,62900
2007-12-28,12.82,12.91,12.78,12.88,55100
2007-12-31,12.93,12.94,12.67,12.85,40500
2008-01-02,12.88,12.95,12.83,12.87,12400
2008-01-03,12.88,13.18,12.88,13.18,41900
2008-01-04,13.15,13.61,13.15,13.54,32300
2008-01-07,13.5,13.54,13.5,13.54,13100
2008-01-08,13.52,13.55,13.52,13.54,3600
2008-01-09,13.52,13.55,13.47,13.47,4100
2008-01-10,13.48,13.57,13.42,13.53,3600
2008-01-11,13.41,13.53,13.36,13.48,25300
2008-01-14,13.53,13.66,13.51,13.66,22800
2008-01-15,13.55,13.7,13.54,13.7,19900
2008-01-16,13.65,13.7,13.6,13.7,4500
2008-01-17,13.81,13.86,13.65,13.66,14600
2008-01-18,13.69,13.7,13.59,13.59,10400
2008-01-22,13.54,13.54,13.42,13.45,21500
2008-01-23,13.5,13.55,13.4,13.53,15300
2008-01-24,13.52,13.54,13.46,13.51,6600
2008-01-25,13.48,13.51,13.47,13.5,6300
2008-01-28,13.48,13.55,13.47,13.52,7200
2008-01-29,13.41,13.55,13.41,13.55,17800
2008-01-30,13.5,13.55,13.44,13.52,9100
2008-01-31,13.45,13.55,13.45,13.51,3100
2008-02-01,13.66,13.73,13.56,13.56,5600
2008-02-04,13.48,13.69,13.48,13.64,18000
2008-02-05,13.64,13.64,13.59,13.59,3600
2008-02-06,13.61,13.64,13.61,13.61,12400
2008-02-07,13.68,13.68,13.51,13.51,12800
2008-02-08,13.55,13.68,13.55,13.65,5000
2008-02-11,13.56,13.68,13.56,13.62,5900
2008-02-12,13.68,14.08,13.68,13.72,13900
2008-02-13,13.74,13.74,13.56,13.56,15400
2008-02-14,13.47,13.47,12.99,13.05,23800
2008-02-15,13.0,13.0,12.75,12.98,13400
2008-02-19,13.05,13.35,12.96,13.33,22700
2008-02-20,13.08,13.08,13.0,13.08,12400
2008-02-21,13.1,13.15,13.1,13.1,3000
2008-02-22,13.1,13.1,13.09,13.09,4300
2008-02-25,13.07,13.07,12.96,13.03,4700
2008-02-26,13.18,13.18,13.0,13.0,16100
2008-02-27,13.03,13.04,12.63,12.72,23100
2008-02-28,12.65,12.65,12.4,12.4,14600
2008-02-29,12.34,12.34,12.12,12.22,12300
2008-03-03,12.22,12.3,12.1,12.19,69000
2008-03-04,12.2,12.25,12.14,12.25,13600
2008-03-05,12.28,12.39,12.24,12.38,26200
2008-03-06,12.42,12.63,12.28,12.43,37600
2008-03-07,12.36,12.79,12.36,12.76,33800
2008-03-10,12.75,13.0,12.75,12.75,22200
2008-03-11,12.81,12.96,12.76,12.85,45500
2008-03-12,12.8,12.85,12.74,12.74,4800
2008-03-13,12.7,12.79,12.69,12.7,16800
2008-03-14,12.72,12.72,12.55,12.58,3100
2008-03-17,12.57,12.58,12.36,12.46,8300
2008-03-18,12.52,12.52,12.32,12.45,8400
2008-03-19,12.4,12.43,12.35,12.42,8200
2008-03-20,12.42,12.42,12.31,12.34,6800
2008-03-24,12.33,12.63,12.31,12.63,13500
2008-03-25,12.65,12.66,12.64,12.66,8900
2008-03-26,12.66,12.66,12.52,12.61,5600
2008-03-27,12.7,12.72,12.51,12.68,16800
2008-03-28,12.7,12.8,12.7,12.7,6400
2008-03-31,12.8,12.84,12.72,12.82,7900
2008-04-01,12.72,12.84,12.72,12.8,11600
2008-04-02,12.75,12.82,12.7,12.7,11500
2008-04-03,12.67,12.89,12.51,12.89,16100
2008-04-04,12.97,13.02,12.97,13.01,8600
2008-04-07,13.04,13.09,13.02,13.04,5500
2008-04-08,13.02,13.07,13.02,13.02,3800
2008-04-09,13.04,13.15,12.98,13.03,14300
2008-04-10,13.01,13.05,12.95,13.05,7600
2008-04-11,13.07,13.08,12.91,12.99,4300
2008-04-14,12.97,13.0,12.96,13.0,3300
2008-04-15,13.05,13.07,13.0,13.03,5700
2008-04-16,12.94,13.08,12.94,12.96,7900
2008-04-17,12.96,13.0,12.96,13.0,4900
2008-04-18,13.02,13.1,13.02,13.1,1500
2008-04-21,13.1,13.46,13.01,13.11,15500
2008-04-22,13.1,13.15,13.08,13.1,9700
2008-04-23,13.07,13.15,13.06,13.12,6300
2008-04-24,13.09,13.15,13.06,13.08,10000
2008-04-25,13.1,13.14,13.1,13.14,3300
2008-04-28,13.09,13.13,13.09,13.09,3900
2008-04-29,13.07,13.14,13.07,13.13,2900
2008-04-30,13.13,13.13,13.09,13.09,4800
2008-05-01,13.09,13.15,13.06,13.08,14500
2008-05-02,13.09,13.1,13.08,13.1,4200
2008-05-05,13.1,13.12,13.09,13.1,4400
2008-05-06,13.09,13.12,13.09,13.1,3300
2008-05-07,13.12,13.15,13.08,13.12,13000
2008-05-08,13.08,13.15,13.08,13.14,11000
2008-05-09,13.14,13.14,13.13,13.14,4000
2008-05-12,13.14,13.24,13.08,13.24,19100
2008-05-13,13.22,13.22,13.16,13.18,1100
2008-05-14,13.13,13.22,13.13,13.22,1600
2008-05-15,13.2,13.24,13.12,13.24,11800
2008-05-16,13.24,13.24,13.22,13.22,3700
2008-05-19,13.2,13.24,13.14,13.2,10600
2008-05-20,13.24,13.24,13.18,13.18,5100
2008-05-21,13.25,13.28,13.09,13.24,11000
2008-05-22,13.27,13.27,13.1,13.1,5900
2008-05-23,13.1,13.14,13.1,13.14,3300
2008-05-27,13.16,13.28,13.16,13.27,9700
2008-05-28,13.29,13.29,13.13,13.19,17500
2008-05-29,13.19,13.25,13.16,13.25,9800
2008-05-30,13.24,13.32,13.24,13.28,8900
2008-06-02,13.24,13.26,13.22,13.24,4300
2008-06-03,13.28,13.3,13.24,13.25,11200
2008-06-04,13.21,13.22,13.17,13.21,4500
2008-06-05,13.17,13.21,13.13,13.21,3100
2008-06-06,13.18,13.18,13.13,13.13,5500
2008-06-09,13.15,13.15,13.06,13.07,15800
2008-06-10,13.01,13.01,12.94,12.97,4700
2008-06-11,12.97,13.03,12.89,12.93,13400
2008-06-12,12.94,12.95,12.85,12.95,6200
2008-06-13,12.89,12.92,12.89,12.92,2800
2008-06-16,12.89,12.91,12.88,12.88,4600
2008-06-17,12.88,12.88,12.8,12.83,1900
2008-06-18,12.83,12.85,12.78,12.85,6200
2008-06-19,12.86,12.89,12.86,12.87,1100
2008-06-20,12.89,12.89,12.75,12.79,7100
2008-06-23,12.71,12.77,12.7,12.7,5200
2008-06-24,12.62,12.73,12.5,12.5,11200
2008-06-25,12.41,12.65,12.41,12.61,17400
2008-06-26,12.61,12.65,12.61,12.61,4600
2008-06-27,12.6,12.6,12.6,12.6,4500
2008-06-30,12.61,12.69,12.6,12.64,8300
2008-07-01,12.61,12.68,12.57,12.59,5400
2008-07-02,12.54,12.71,12.54,12.71,8700
2008-07-03,12.7,12.7,12.6,12.64,5100
2008-07-07,12.62,12.65,12.62,12.65,1400
2008-07-08,12.65,12.66,12.56,12.57,3500
2008-07-09,12.66,12.75,12.55,12.59,20800
2008-07-10,12.58,12.64,12.45,12.63,22900
2008-07-11,12.58,12.58,12.49,12.5,4300
2008-07-14,12.56,12.58,12.49,12.49,12100
2008-07-15,12.46,12.46,12.29,12.29,1900
2008-07-16,12.35,12.4,12.35,12.4,2700
2008-07-17,12.38,12.43,12.38,12.42,3800
2008-07-18,12.42,12.45,12.3,12.32,7900
2008-07-21,12.3,12.41,12.3,12.41,6000
2008-07-22,12.41,12.49,12.38,12.49,11400
2008-07-23,12.43,12.43,12.38,12.38,3100
2008-07-24,12.4,12.4,12.22,12.22,8000
2008-07-25,12.23,12.27,12.23,12.27,2200
2008-07-28,12.22,12.35,12.22,12.3,8200
2008-07-29,12.38,12.4,12.36,12.4,1000
2008-07-30,12.41,12.49,12.4,12.4,4800
2008-07-31,12.39,12.39,12.37,12.37,2400
2008-08-01,12.37,12.45,12.35,12.45,11300
2008-08-04,12.41,12.53,12.41,12.53,5600
2008-08-05,12.55,12.55,12.5,12.55,3100
2008-08-06,12.56,12.57,12.54,12.55,3200
2008-08-07,12.54,12.6,12.44,12.44,7100
2008-08-08,12.55,12.62,12.49,12.62,6000
2008-08-11,12.59,12.65,12.51,12.63,5700
2008-08-12,12.63,12.63,12.4,12.4,5200
2008-08-13,12.37,12.37,12.27,12.32,19500
2008-08-14,12.27,12.45,12.27,12.45,6900
2008-08-15,12.37,12.59,12.36,12.45,10600
2008-08-18,12.38,12.74,12.38,12.7,15700
2008-08-19,12.68,12.7,12.64,12.65,6500
2008-08-20,12.69,12.84,12.69,12.74,4400
2008-08-21,12.6,12.85,12.6,12.85,6500
2008-08-22,12.85,12.89,12.85,12.89,1300
2008-08-25,12.78,12.84,12.55,12.6,9500
2008-08-26,12.64,12.73,12.64,12.68,6300
2008-08-27,12.68,12.68,12.57,12.57,5700
2008-08-28,12.6,12.6,12.34,12.34,19100
2008-08-29,12.34,12.34,12.21,12.28,54300
2008-09-02,12.3,12.38,12.3,12.37,6900
2008-09-03,12.33,12.51,12.33,12.51,6200
2008-09-04,12.49,12.49,12.46,12.48,3800
2008-09-05,12.45,12.47,12.39,12.46,5200
2008-09-08,12.44,12.51,12.44,12.51,3200
2008-09-09,12.52,12.54,12.48,12.52,4100
2008-09-10,12.46,12.48,12.45,12.46,3900
2008-09-11,12.46,12.46,12.27,12.42,6600
2008-09-12,12.45,12.51,12.25,12.45,10500
2008-09-15,12.25,12.33,12.25,12.33,3600
2008-09-16,12.22,12.24,12.0,12.01,9300
2008-09-17,11.95,11.97,11.91,11.95,24300
2008-09-18,11.92,11.92,11.35,11.55,19600
2008-09-19,11.7,11.89,11.65,11.89,20600
2008-09-22,11.99,11.99,11.52,11.55,4000
2008-09-23,11.63,11.73,10.93,11.61,14000
2008-09-24,11.51,11.56,11.27,11.27,12000
2008-09-25,11.36,11.8,11.11,11.15,35800
2008-09-26,11.15,11.15,10.73,10.75,17800
2008-09-29,10.55,10.65,9.2,9.87,52800
2008-09-30,10.02,10.08,9.75,10.0,15200
2008-10-01,10.1,10.39,10.1,10.39,10000
2008-10-02,10.39,10.75,10.3,10.57,11300
2008-10-03,10.47,10.49,10.14,10.14,9300
2008-10-06,9.95,9.95,8.89,9.11,40700
2008-10-07,9.12,9.77,9.12,9.22,18300
2008-10-08,9.3,9.35,8.98,8.98,7400
2008-10-09,9.06,9.16,8.34,8.34,11000
2008-10-10,7.99,8.0,6.36,7.3,40100
2008-10-13,7.6,8.95,7.6,8.62,41700
2008-10-14,8.91,8.94,8.44,8.8,19700
2008-10-15,8.8,8.8,8.0,8.4,7700
2008-10-16,8.5,9.03,8.19,8.67,20500
2008-10-17,8.52,9.09,8.46,8.7,17000
2008-10-20,8.75,9.01,8.48,8.95,28500
2008-10-21,8.96,9.22,8.85,9.07,28500
2008-10-22,9.24,9.24,8.64,8.91,12600
2008-10-23,9.01,9.17,8.5,8.87,112500
2008-10-24,8.87,8.87,8.6,8.8,9400
2008-10-27,8.93,9.03,8.87,9.03,24900
2008-10-28,9.15,9.5,9.05,9.42,25700
2008-10-29,9.52,9.65,9.44,9.54,17500
2008-10-30,9.55,9.59,9.49,9.58,6400
2008-10-31,9.67,10.23,9.57,10.23,5200
2008-11-03,10.07,10.39,9.95,10.2,24600
2008-11-04,10.1,10.25,10.1,10.23,10700
2008-11-05,10.3,10.3,10.03,10.16,5100
2008-11-06,10.24,10.24,9.81,9.94,8600
2008-11-07,9.94,9.94,9.75,9.77,10400
2008-11-10,9.78,9.78,9.43,9.52,9300
2008-11-11,9.52,9.52,9.2,9.37,14700
2008-11-12,9.25,9.35,8.69,8.75,54200
2008-11-13,8.75,9.09,8.73,9.09,5500
2008-11-14,9.2,9.39,9.2,9.39,8300
2008-11-17,9.21,9.48,9.16,9.18,9800
2008-11-18,9.0,9.0,8.92,9.0,3300
2008-11-19,9.15,9.27,8.42,8.61,17100
2008-11-20,8.61,8.61,7.79,8.01,21100
2008-11-21,8.01,8.03,7.6,7.84,29800
2008-11-24,7.72,7.92,7.64,7.81,7800
2008-11-25,8.0,8.07,7.43,7.45,17700
2008-11-26,7.45,7.45,6.4,6.6,40400
2008-11-28,6.71,6.72,6.51,6.52,8200
2008-12-01,6.5,7.07,6.03,6.05,58500
2008-12-02,6.04,6.18,5.96,6.0,48700
2008-12-03,6.0,6.39,5.62,6.12,54300
2008-12-04,6.12,6.22,5.75,5.82,62700
2008-12-05,5.52,5.59,5.28,5.38,50600
2008-12-08,5.44,5.9,5.41,5.44,101200
2008-12-09,5.42,5.58,5.2,5.38,164500
2008-12-10,5.25,5.34,5.16,5.22,100800
2008-12-11,5.22,5.25,5.02,5.03,118500
2008-12-12,5.04,5.04,4.96,5.01,12900
2008-12-15,5.01,5.23,5.01,5.03,110700
2008-12-16,4.94,5.12,4.94,5.0,106600
2008-12-17,4.9,5.58,4.9,5.52,188900
2008-12-18,5.53,5.53,5.33,5.45,72900
2008-12-19,5.55,5.87,5.55,5.83,94100
2008-12-22,5.87,6.05,5.87,5.99,67300
2008-12-23,6.05,6.05,5.76,6.02,237700
2008-12-24,6.05,6.13,5.84,6.05,431700
2008-12-26,6.15,6.32,6.02,6.28,88300
2008-12-29,6.14,6.2,5.97,6.03,53700
2008-12-30,5.98,6.08,5.93,6.02,41300
2008-12-31,5.99,6.16,5.98,6.08,41900
2009-01-02,6.03,6.25,6.03,6.25,26100
2009-01-05,6.25,6.82,6.13,6.82,50000
2009-01-06,6.94,7.3,6.94,7.15,67100
2009-01-07,6.99,7.25,6.86,7.25,27600
2009-01-08,7.15,7.32,7.1,7.29,48100
2009-01-09,7.22,7.86,7.22,7.63,86200
2009-01-12,7.55,7.98,7.55,7.91,20500
2009-01-13,7.79,8.04,7.72,7.72,35300
2009-01-14,7.69,7.7,7.3,7.35,22000
2009-01-15,7.2,7.76,7.01,7.76,24400
2009-01-16,7.9,8.21,7.8,8.15,36500
2009-01-20,8.4,8.4,8.02,8.07,13400
2009-01-21,8.06,8.06,7.5,7.86,21600
2009-01-22,7.86,8.0,7.75,7.75,18700
2009-01-23,7.42,7.6,7.16,7.6,25700
2009-01-26,7.8,7.8,7.48,7.58,13300
2009-01-27,7.54,7.59,7.44,7.58,20900
2009-01-28,7.58,7.65,7.45,7.55,22600
2009-01-29,7.53,7.65,7.37,7.42,34400
2009-01-30,7.34,7.39,7.28,7.31,8800
2009-02-02,7.23,7.33,7.18,7.32,18300
2009-02-03,7.38,7.45,7.38,7.4,32400
2009-02-04,7.32,7.7,7.32,7.6,39000
2009-02-05,7.6,7.87,7.6,7.87,17900
2009-02-06,7.92,8.21,7.92,8.05,37000
2009-02-09,8.05,8.1,7.91,8.04,68500
2009-02-10,7.99,8.18,7.99,8.15,15800
2009-02-11,8.06,8.25,8.06,8.25,14700
2009-02-12,8.12,8.3,8.12,8.28,14000
2009-02-13,8.25,8.3,8.22,8.3,6000
2009-02-17,8.78,8.78,8.24,8.29,20100
2009-02-18,8.29,8.31,8.16,8.2,5900
2009-02-19,8.03,8.08,7.85,8.01,16900
2009-02-20,7.82,7.94,7.8,7.81,6700
2009-02-23,7.75,7.8,7.33,7.44,15900
2009-02-24,7.25,7.53,7.21,7.53,9000
2009-02-25,7.6,7.7,7.59,7.7,13400
2009-02-26,7.81,7.93,7.79,7.86,11500
2009-02-27,7.94,8.25,7.92,8.08,20500
2009-03-02,8.13,8.25,7.91,7.94,18300
2009-03-03,8.15,8.15,7.61,7.93,15100
2009-03-04,8.25,8.31,7.81,7.92,46200
2009-03-05,8.1,8.3,7.98,8.01,10000
2009-03-06,8.3,8.3,7.57,7.64,11700
2009-03-09,7.5,8.0,7.5,8.0,11000
2009-03-10,8.3,8.3,8.06,8.1,8700
2009-03-11,7.88,8.41,7.88,8.19,10800
2009-03-12,8.33,8.33,7.99,7.99,21400
2009-03-13,7.89,8.3,7.82,8.17,14900
2009-03-16,8.03,8.15,7.93,8.04,18500
2009-03-17,8.15,8.15,7.82,8.0,5500
2009-03-18,7.87,7.95,7.32,7.58,40400
2009-03-19,7.6,7.61,7.4,7.6,8000
2009-03-20,7.45,7.66,7.43,7.64,4500
2009-03-23,7.64,7.82,7.64,7.79,10600
2009-03-24,7.94,7.94,7.63,7.8,11200
2009-03-25,7.88,7.9,7.51,7.79,17800
2009-03-26,7.9,7.95,7.85,7.93,8000
2009-03-27,7.74,7.94,7.74,7.93,6100
2009-03-30,7.78,7.83,7.62,7.76,7300
2009-03-31,7.87,7.87,7.68,7.87,4000
2009-04-01,7.75,7.99,7.75,7.95,6100
2009-04-02,7.88,8.01,7.87,8.0,9300
2009-04-03,7.93,8.18,7.93,8.13,10000
2009-04-06,8.05,8.08,7.93,8.05,17500
2009-04-07,8.01,8.19,7.93,8.19,11000
2009-04-08,8.07,8.23,8.02,8.23,4100
2009-04-09,8.23,8.25,8.15,8.15,10700
2009-04-13,7.9,8.18,7.9,8.12,5500
2009-04-14,8.2,8.2,7.64,7.84,48500
2009-04-15,7.74,7.95,7.74,7.95,3800
2009-04-16,8.0,8.1,7.91,8.1,7600
2009-04-17,8.16,8.2,8.16,8.2,2600
2009-04-20,8.24,8.26,8.15,8.26,4700
2009-04-21,8.26,8.29,8.21,8.29,6000
2009-04-22,8.16,8.39,8.16,8.28,16000
2009-04-23,8.33,8.7,8.33,8.45,17800
2009-04-24,8.55,8.7,8.5,8.7,7700
2009-04-27,8.57,8.97,8.57,8.81,4200
2009-04-28,8.94,9.46,8.77,8.77,13700
2009-04-29,8.68,8.85,8.55,8.7,19300
2009-04-30,8.74,8.81,8.74,8.81,7300
2009-05-01,8.81,8.81,8.75,8.78,9000
2009-05-04,8.77,8.95,8.75,8.75,6600
2009-05-05,8.67,8.88,8.6,8.7,8400
2009-05-06,8.66,8.68,8.5,8.56,10900
2009-05-07,8.65,8.65,8.53,8.56,3700
2009-05-08,8.6,8.68,8.6,8.68,1500
2009-05-11,8.61,8.94,8.61,8.83,21100
2009-05-12,8.77,8.99,8.76,8.77,10300
2009-05-13,8.75,8.75,8.4,8.65,17700
2009-05-14,8.57,8.58,8.5,8.5,6000
2009-05-15,8.5,8.55,8.45,8.51,7800
2009-05-18,8.46,8.9,8.46,8.69,10100
2009-05-19,8.58,8.72,8.53,8.72,9100
2009-05-20,8.72,8.94,8.7,8.89,14800
2009-05-21,8.73,8.89,8.62,8.63,10100
2009-05-22,8.63,8.7,8.63,8.64,1700
2009-05-26,8.72,8.84,8.64,8.7,7300
2009-05-27,8.56,8.92,8.56,8.66,8800
2009-05-28,8.6,8.6,8.55,8.6,23600
2009-05-29,8.55,8.8,8.55,8.8,10500
2009-06-01,8.98,8.98,8.78,8.78,2400
2009-06-02,8.56,8.69,8.56,8.61,15800
2009-06-03,8.61,8.61,8.56,8.56,4600
2009-06-04,8.56,8.61,8.52,8.58,12000
2009-06-05,8.62,8.62,8.5,8.61,9400
2009-06-08,8.65,8.65,8.48,8.59,3500
2009-06-09,8.53,8.57,8.53,8.56,700
2009-06-10,8.5,8.63,8.5,8.57,3900
2009-06-11,8.5,8.5,8.28,8.42,18300
2009-06-12,8.42,8.42,8.37,8.41,9600
2009-06-15,8.37,8.4,8.17,8.26,15400
2009-06-16,8.17,8.28,8.17,8.23,13000
2009-06-17,8.26,8.32,8.21,8.31,5000
2009-06-18,8.27,8.31,8.27,8.31,1600
2009-06-19,8.32,8.32,8.25,8.3,2800
2009-06-22,8.12,8.14,7.81,8.14,33000
2009-06-23,8.14,8.22,8.07,8.19,5600
2009-06-24,8.17,8.29,8.14,8.22,8000
2009-06-25,8.22,8.24,8.16,8.16,8000
2009-06-26,8.2,8.22,8.15,8.22,1300
2009-06-29,8.16,8.29,8.16,8.21,21300
2009-06-30,8.16,8.27,8.16,8.22,25100
2009-07-01,8.16,8.25,8.16,8.23,12500
2009-07-02,8.27,8.28,8.25,8.28,10400
2009-07-06,8.27,8.3,8.23,8.3,8900
2009-07-07,8.3,8.33,8.3,8.33,5900
2009-07-08,8.33,8.59,8.33,8.52,19300
2009-07-09,8.65,8.9,8.56,8.57,19300
2009-07-10,8.59,8.59,8.55,8.55,1600
2009-07-13,8.56,8.56,8.33,8.34,9400
2009-07-14,8.4,8.5,8.4,8.46,9700
2009-07-15,8.5,8.51,8.5,8.5,4000
2009-07-16,8.44,8.44,8.42,8.43,4200
2009-07-17,8.42,8.49,8.35,8.36,9700
2009-07-20,8.38,8.38,8.38,8.38,1000
2009-07-21,8.45,8.65,8.43,8.65,13300
2009-07-22,8.61,8.68,8.26,8.64,7800
2009-07-23,8.65,8.69,8.62,8.63,13000
2009-07-24,8.63,8.64,8.63,8.63,6600
2009-07-27,8.57,8.69,8.57,8.69,12500
2009-07-28,8.7,8.7,8.61,8.64,11600
2009-07-29,8.65,8.94,8.65,8.79,9300
2009-07-30,8.91,8.93,8.84,8.84,3700
2009-07-31,8.8,8.8,8.78,8.78,1400
2009-08-03,8.79,8.8,8.6,8.8,31900
2009-08-04,8.71,9.02,8.71,9.0,8500
2009-08-05,8.87,8.88,8.72,8.83,10900
2009-08-06,8.9,8.98,8.9,8.98,4800
2009-08-07,8.98,8.98,8.9,8.9,600
2009-08-10,8.9,8.93,8.89,8.92,4200
2009-08-11,8.75,8.79,8.7,8.7,7100
2009-08-12,8.75,8.79,8.6,8.75,8900
2009-08-13,8.75,8.81,8.58,8.76,6700
2009-08-14,8.61,8.82,8.61,8.75,9100
2009-08-17,8.75,8.75,8.66,8.75,4600
2009-08-18,8.76,8.85,8.74,8.84,6000
2009-08-19,8.83,8.88,8.79,8.88,15800
2009-08-20,8.83,8.9,8.83,8.87,19300
2009-08-21,8.88,8.89,8.83,8.89,3000
2009-08-24,8.89,8.98,8.85,8.95,17800
2009-08-25,8.94,8.97,8.78,8.93,12300
2009-08-26,8.93,8.98,8.82,8.9,20100
2009-08-27,8.94,9.04,8.94,8.99,14300
2009-08-28,8.97,9.07,8.97,9.03,3100
2009-08-31,8.98,9.16,8.94,9.14,5500
2009-09-01,9.18,9.35,9.16,9.34,6100
2009-09-02,9.29,9.34,8.89,9.04,20000
2009-09-03,9.05,9.27,9.05,9.27,5500
2009-09-04,9.22,9.25,8.97,9.07,8600
2009-09-08,9.25,9.28,9.2,9.2,10000
2009-09-09,9.1,9.2,9.1,9.2,8300
2009-09-10,9.03,9.24,9.03,9.23,6500
2009-09-11,9.23,9.5,9.23,9.45,9400
2009-09-14,9.35,9.6,9.35,9.4,7500
2009-09-15,9.41,9.41,9.18,9.22,14900
2009-09-16,9.3,9.31,9.3,9.31,1600
2009-09-17,9.31,9.42,9.17,9.37,14800
2009-09-18,9.41,9.41,9.25,9.38,8600
2009-09-21,9.4,9.4,9.23,9.27,7300
2009-09-22,9.25,9.65,9.25,9.54,14900
2009-09-23,9.65,9.71,9.45,9.58,14500
2009-09-24,9.56,9.6,9.4,9.49,9000
2009-09-25,9.49,10.05,9.49,9.61,27300
2009-09-28,9.71,9.76,9.57,9.58,7700
2009-09-29,9.67,9.72,9.58,9.65,9100
2009-09-30,9.65,9.66,9.56,9.65,1300
2009-10-01,9.63,9.63,9.5,9.55,6000
2009-10-02,9.41,9.59,9.41,9.59,6100
2009-10-05,9.65,9.68,9.63,9.68,12800
2009-10-06,9.63,10.1,9.63,10.1,15200
2009-10-07,9.98,10.05,9.7,9.8,18000
2009-10-08,9.7,9.77,9.67,9.77,6400
2009-10-09,9.77,9.77,9.63,9.63,12000
2009-10-12,9.56,9.56,9.26,9.26,10100
2009-10-13,9.22,9.41,9.19,9.41,20500
2009-10-14,9.51,9.51,9.2,9.2,21300
2009-10-15,8.98,9.3,8.53,8.85,49800
2009-10-16,8.83,8.84,8.7,8.84,22600
2009-10-19,8.85,9.07,8.73,8.86,41200
2009-10-20,9.04,9.14,8.86,8.92,21900
2009-10-21,8.9,9.16,8.9,9.16,11500
2009-10-22,9.39,9.39,9.29,9.29,7400
2009-10-23,9.38,9.61,9.38,9.5,30700
2009-10-26,9.58,9.67,9.2,9.22,10800
2009-10-27,9.34,9.52,9.34,9.44,15300
2009-10-28,9.54,9.55,9.46,9.46,8500
2009-10-29,9.49,9.5,9.02,9.16,20700
2009-10-30,9.25,9.26,9.2,9.2,1400
2009-11-02,9.2,9.49,9.03,9.35,11000
2009-11-03,9.31,9.36,9.03,9.3,5600
2009-11-04,9.4,9.4,9.08,9.25,25700
2009-11-05,9.35,9.42,9.11,9.35,14200
2009-11-06,9.27,9.3,9.12,9.18,16800
2009-11-09,9.15,9.16,9.04,9.05,13300
2009-11-10,9.03,9.1,8.98,8.98,4700
2009-11-11,9.08,9.08,8.95,8.98,4500
2009-11-12,8.95,9.01,8.8,8.87,15700
2009-11-13,8.83,9.1,8.83,9.08,3400
2009-11-16,9.05,9.1,8.92,9.05,35200
2009-11-17,9.1,9.1,8.91,8.99,5000
2009-11-18,9.02,9.02,8.87,8.98,3900
2009-11-19,8.95,8.99,8.83,8.84,12800
2009-11-20,8.82,8.99,8.81,8.99,4300
2009-11-23,9.0,9.07,9.0,9.04,9100
2009-11-24,9.05,9.15,9.0,9.14,6200
2009-11-25,9.08,9.22,9.08,9.22,7200
2009-11-27,9.11,9.2,9.11,9.2,400
2009-11-30,9.2,9.36,9.13,9.23,4700
2009-12-01,9.2,9.21,9.11,9.13,6400
2009-12-02,9.16,9.18,9.16,9.16,500
2009-12-03,9.15,9.16,9.02,9.07,10800
2009-12-04,9.08,9.08,8.97,9.06,4200
2009-12-07,9.05,9.05,8.99,9.0,5900
2009-12-08,9.0,9.06,8.99,9.05,14200
2009-12-09,9.02,9.03,8.96,8.96,7200
2009-12-10,8.95,9.06,8.86,8.99,15300
2009-12-11,9.05,9.05,8.88,9.01,15400
2009-12-14,9.05,9.08,9.0,9.06,42200
2009-12-15,9.05,9.08,8.98,9.03,7500
2009-12-16,8.95,8.98,8.91,8.93,10900
2009-12-17,8.94,8.98,8.88,8.89,14900
2009-12-18,8.88,8.98,8.88,8.89,47600
2009-12-21,8.89,8.97,8.88,8.88,22100
2009-12-22,8.88,8.95,8.82,8.93,32300
2009-12-23,8.95,8.99,8.81,8.86,21800
2009-12-24,8.85,8.95,8.85,8.94,23100
2009-12-28,8.91,8.93,8.88,8.93,6300
2009-12-29,8.96,8.98,8.87,8.9,21100
2009-12-30,8.87,8.88,8.83,8.88,6600
2009-12-31,8.84,8.92,8.83,8.92,7700
2010-01-04,8.91,9.09,8.91,9.0,10700
2010-01-05,9.0,9.1,8.97,9.06,12000
2010-01-06,8.98,9.09,8.92,9.0,8600
2010-01-07,8.99,9.1,8.99,9.1,7800
2010-01-08,9.13,9.13,8.99,9.1,5500
2010-01-11,9.1,9.22,9.08,9.17,10900
2010-01-12,9.14,9.16,9.14,9.14,5100
2010-01-13,9.14,9.2,9.06,9.07,7000
2010-01-14,9.12,9.12,9.09,9.12,2600
2010-01-15,9.12,9.14,9.12,9.14,1000
2010-01-19,9.14,9.2,9.14,9.19,5600
2010-01-20,9.19,9.19,9.12,9.12,2600
2010-01-21,9.13,9.55,9.02,9.36,24400
2010-01-22,9.33,9.36,9.11,9.25,16700
2010-01-25,9.2,9.25,9.18,9.19,1800
2010-01-26,9.2,9.22,9.2,9.2,2900
2010-01-27,9.2,9.2,9.01,9.11,18100
2010-01-28,9.12,9.13,9.07,9.1,14800
2010-01-29,9.09,9.18,9.09,9.15,3100
2010-02-01,9.19,9.2,9.01,9.14,8600
2010-02-02,9.1,9.24,9.1,9.24,7900
2010-02-03,9.15,9.24,9.11,9.24,18000
2010-02-04,9.22,9.33,9.15,9.33,6400
2010-02-05,9.3,9.32,9.18,9.2,14300
2010-02-08,9.19,9.32,9.19,9.32,6900
2010-02-09,9.28,9.43,9.19,9.19,17700
2010-02-10,9.19,9.21,9.1,9.19,14000
2010-02-11,9.19,9.2,9.15,9.17,4600
2010-02-12,9.15,9.16,9.12,9.16,2100
2010-02-16,9.16,9.2,9.15,9.18,3500
2010-02-17,9.2,9.29,9.19,9.24,3600
2010-02-18,9.26,9.26,9.25,9.25,14100
2010-02-19,9.26,9.31,9.25,9.25,2900
2010-02-22,9.25,9.26,9.16,9.2,8600
2010-02-23,9.22,9.33,9.22,9.32,7600
2010-02-24,9.33,9.33,9.28,9.3,4700
2010-02-25,9.31,9.35,9.31,9.34,17000
2010-02-26,9.35,9.38,9.32,9.36,4300
2010-03-01,9.4,9.4,9.34,9.34,2800
2010-03-02,9.28,9.32,9.18,9.22,9200
2010-03-03,9.22,9.23,9.22,9.23,2300
2010-03-04,9.2,9.21,9.19,9.19,3400
2010-03-05,9.18,9.21,9.15,9.17,14100
2010-03-08,9.18,9.25,9.18,9.25,4700
2010-03-09,9.18,9.18,9.18,9.18,8300
2010-03-10,9.17,9.18,9.16,9.17,16400
2010-03-11,9.2,9.22,9.2,9.21,10700
2010-03-12,9.23,9.24,9.23,9.24,1000
2010-03-15,9.13,9.23,9.13,9.15,24500
2010-03-16,9.09,9.14,9.06,9.08,14000
2010-03-17,9.11,9.15,9.08,9.11,9500
2010-03-18,9.11,9.18,9.1,9.15,16600
2010-03-19,9.1,9.15,9.05,9.1,14200
2010-03-22,9.07,9.14,9.07,9.1,16000
2010-03-23,9.15,9.2,9.13,9.18,15100
2010-03-24,9.15,9.36,9.11,9.29,30900
2010-03-25,9.29,9.34,9.25,9.34,4200
2010-03-26,9.35,9.38,9.27,9.27,5100
2010-03-29,9.29,9.3,9.22,9.29,7800
2010-03-30,9.32,9.32,9.28,9.29,3700
2010-03-31,9.28,9.3,9.28,9.3,3700
2010-04-01,9.36,9.37,9.26,9.33,10500
2010-04-05,9.35,9.45,9.32,9.33,2500
2010-04-06,9.33,9.45,9.33,9.45,2800
2010-04-07,9.46,9.48,9.42,9.48,1700
2010-04-08,9.4,9.45,9.27,9.34,13000
2010-04-09,9.32,9.39,9.11,9.23,9100
2010-04-12,9.23,9.28,9.22,9.28,3300
2010-04-13,9.29,9.36,9.26,9.36,4400
2010-04-14,9.36,9.49,9.36,9.4,21500
2010-04-15,9.42,9.49,9.3,9.39,9600
2010-04-16,9.38,9.4,9.19,9.29,7600
2010-04-19,9.28,9.39,9.16,9.19,13000
2010-04-20,9.18,9.33,9.16,9.19,20300
2010-04-21,9.18,9.25,9.17,9.25,7000
2010-04-22,9.25,9.25,9.22,9.24,4100
2010-04-23,9.24,9.26,9.22,9.23,5700
2010-04-26,9.24,9.29,9.23,9.27,7800
2010-04-27,9.25,9.41,9.25,9.34,8300
2010-04-28,9.4,9.61,9.27,9.27,13300
2010-04-29,9.3,9.63,9.3,9.4,8300
2010-04-30,9.39,9.4,9.37,9.37,3900
2010-05-03,9.41,9.43,9.37,9.43,5800
2010-05-04,9.43,9.47,9.38,9.44,9900
2010-05-05,9.4,9.4,9.29,9.32,8800
2010-05-06,9.32,9.35,9.15,9.17,17200
2010-05-07,9.23,9.38,9.16,9.24,15000
2010-05-10,9.5,9.5,9.33,9.33,2100
2010-05-11,9.26,9.27,9.21,9.27,5600
2010-05-12,9.28,9.38,9.27,9.29,2700
2010-05-13,9.38,9.42,9.22,9.41,9800
2010-05-14,9.48,9.48,9.38,9.38,2000
2010-05-17,9.43,9.43,9.26,9.27,8400
2010-05-18,9.28,9.4,9.24,9.35,7900
2010-05-19,9.26,9.38,9.24,9.38,11500
2010-05-20,9.37,9.37,9.2,9.35,7700
2010-05-21,9.33,9.33,9.18,9.24,11200
2010-05-24,9.2,9.45,9.15,9.15,21100
2010-05-25,9.09,9.22,9.09,9.16,7500
2010-05-26,9.19,9.32,9.14,9.14,6400
2010-05-27,9.07,9.31,9.07,9.19,22400
2010-05-28,9.18,9.23,9.15,9.15,7900
2010-06-01,9.18,9.22,9.15,9.15,3600
2010-06-02,9.16,9.24,9.16,9.23,6300
2010-06-03,9.24,9.24,9.13,9.13,8200
2010-06-04,9.11,9.17,9.09,9.14,9400
2010-06-07,9.18,9.18,9.14,9.18,5200
2010-06-08,9.17,9.25,9.17,9.25,9200
2010-06-09,9.19,9.24,9.19,9.24,2100
2010-06-10,9.27,9.27,9.15,9.18,43500
2010-06-11,9.19,9.26,9.16,9.2,6700
2010-06-14,9.2,9.22,9.15,9.22,5600
2010-06-15,9.23,9.29,9.18,9.2,9200
2010-06-16,9.21,9.26,9.21,9.25,3100
2010-06-17,9.26,9.34,9.26,9.29,8200
2010-06-18,9.29,9.37,9.19,9.24,7500
2010-06-21,9.25,9.27,9.11,9.16,18300
2010-06-22,9.17,9.25,9.08,9.14,19200
2010-06-23,9.14,9.18,9.1,9.12,14900
2010-06-24,9.16,9.18,9.1,9.1,3200
2010-06-25,9.12,9.26,9.12,9.19,10500
2010-06-28,9.19,9.29,9.19,9.28,9100
2010-06-29,9.29,9.41,9.29,9.39,14600
2010-06-30,9.33,9.47,9.32,9.45,16200
2010-07-01,9.43,9.43,9.38,9.38,5700
2010-07-02,9.42,9.42,9.36,9.4,1700
2010-07-06,9.4,9.42,9.35,9.42,4000
2010-07-07,9.42,9.42,9.36,9.36,5000
2010-07-08,9.35,9.4,9.32,9.35,7200
2010-07-09,9.33,9.42,9.33,9.38,2800
2010-07-12,9.44,9.53,9.39,9.46,7000
2010-07-13,9.48,9.5,9.43,9.5,7400
2010-07-14,9.45,9.45,9.36,9.4,2000
2010-07-15,9.41,9.46,9.37,9.45,5500
2010-07-16,9.47,9.5,9.38,9.48,7300
2010-07-19,9.49,9.89,9.45,9.64,13800
2010-07-20,9.65,9.7,9.49,9.5,9500
2010-07-21,9.51,9.7,9.5,9.63,13600
2010-07-22,9.64,9.75,9.51,9.75,45500
2010-07-23,9.72,9.72,9.66,9.72,6300
2010-07-26,9.7,9.91,9.7,9.82,9900
2010-07-27,9.83,9.83,9.74,9.74,5400
2010-07-28,9.75,9.81,9.73,9.81,13900
2010-07-29,9.81,9.81,9.74,9.74,2700
2010-07-30,9.82,10.0,9.6,9.96,15700
2010-08-02,9.94,10.06,9.88,9.92,20500
2010-08-03,9.89,10.0,9.84,9.93,11900
2010-08-04,10.0,10.0,9.85,9.88,9300
2010-08-05,9.95,9.98,9.86,9.86,7400
2010-08-06,9.88,9.9,9.83,9.83,6100
2010-08-09,9.83,9.86,9.82,9.82,8000
2010-08-10,9.78,9.93,9.78,9.92,5900
2010-08-11,9.92,9.92,9.84,9.86,3200
2010-08-12,9.88,10.0,9.81,9.95,15200
2010-08-13,9.91,9.95,9.89,9.94,7200
2010-08-16,9.91,10.01,9.88,9.93,9900
2010-08-17,9.88,9.94,9.86,9.91,4200
2010-08-18,9.91,9.96,9.87,9.96,3000
2010-08-19,9.91,9.91,9.76,9.85,17200
2010-08-20,9.79,9.8,9.72,9.76,10500
2010-08-23,9.76,9.83,9.76,9.8,6300
2010-08-24,9.85,9.85,9.67,9.73,12600
2010-08-25,9.68,10.03,9.65,9.93,19600
2010-08-26,9.95,10.01,9.78,9.95,12200
2010-08-27,9.97,10.11,9.81,9.98,9500
2010-08-30,10.06,10.06,9.71,9.96,31200
2010-08-31,9.9,10.0,9.85,10.0,2100
2010-09-01,10.05,10.05,9.82,9.94,5900
2010-09-02,9.98,9.99,9.77,9.98,6700
2010-09-03,9.98,10.0,9.98,10.0,700
2010-09-07,10.0,10.1,9.81,10.1,6000
2010-09-08,10.11,10.19,9.98,10.19,11000
2010-09-09,10.2,10.2,9.86,9.95,38700
2010-09-10,9.95,9.99,9.85,9.95,6400
2010-09-13,9.96,10.11,9.85,9.87,30500
2010-09-14,9.87,9.93,9.71,9.79,22500
2010-09-15,9.8,9.8,9.64,9.66,20700
2010-09-16,9.64,9.79,9.52,9.66,22600
2010-09-17,9.72,9.78,9.56,9.61,15500
2010-09-20,9.69,9.76,9.63,9.66,11800
2010-09-21,9.62,9.75,9.62,9.74,7200
2010-09-22,9.75,9.83,9.7,9.76,10100
2010-09-23,9.82,9.84,9.65,9.84,13900
2010-09-24,9.81,9.81,9.72,9.74,14000
2010-09-27,9.74,9.9,9.74,9.82,8800
2010-09-28,9.86,9.9,9.83,9.9,10400
2010-09-29,9.87,9.88,9.76,9.81,14400
2010-09-30,9.85,9.86,9.75,9.81,8800
2010-10-01,9.72,9.89,9.72,9.88,3200
2010-10-04,9.88,9.9,9.83,9.9,8000
2010-10-05,9.85,9.99,9.84,9.94,12000
2010-10-06,9.86,9.95,9.86,9.95,4500
2010-10-07,9.96,9.96,9.86,9.92,3400
2010-10-08,9.91,10.18,9.87,9.94,17300
2010-10-11,10.03,10.03,9.77,9.89,10200
2010-10-12,9.93,10.02,9.79,9.9,14200
2010-10-13,9.94,9.97,9.87,9.94,1600
2010-10-14,9.95,9.97,9.91,9.91,4200
2010-10-15,9.93,9.95,9.86,9.91,5200
2010-10-18,9.83,9.84,9.74,9.74,16300
2010-10-19,9.75,9.79,9.74,9.74,7400
2010-10-20,9.74,9.8,9.72,9.8,11400
2010-10-21,9.81,9.95,9.74,9.82,23300
2010-10-22,9.92,10.0,9.82,9.97,14700
2010-10-25,10.0,10.0,9.87,9.94,5700
2010-10-26,9.94,9.98,9.79,9.87,7500
2010-10-27,9.9,9.9,9.81,9.81,5400
2010-10-28,9.8,10.0,9.76,10.0,14100
2010-10-29,9.93,9.93,9.79,9.83,23700
2010-11-01,9.86,9.86,9.78,9.83,6800
2010-11-02,9.8,9.81,9.72,9.74,19100
2010-11-03,9.72,9.74,9.7,9.74,5700
2010-11-04,9.68,9.82,9.68,9.78,10800
2010-11-05,9.7,9.96,9.7,9.9,19300
2010-11-08,9.82,9.92,9.8,9.84,17000
2010-11-09,9.73,10.0,9.67,10.0,42900
2010-11-10,9.91,9.91,9.36,9.6,17300
2010-11-11,9.59,9.64,9.12,9.19,76400
2010-11-12,9.17,9.41,9.02,9.38,29100
2010-11-15,9.36,9.38,8.96,8.96,33600
2010-11-16,9.16,9.16,8.48,8.94,85200
2010-11-17,8.91,9.06,8.89,8.98,22600
2010-11-18,8.94,8.98,8.72,8.95,18900
2010-11-19,8.95,9.15,8.95,9.1,14200
2010-11-22,9.14,9.25,9.14,9.23,12200
2010-11-23,9.19,9.19,9.09,9.15,6300
2010-11-24,9.13,9.25,9.13,9.22,15600
2010-11-26,9.23,9.29,9.2,9.2,4800
2010-11-29,9.2,9.41,9.17,9.21,12900
2010-11-30,9.27,9.34,9.21,9.3,7100
2010-12-01,9.28,9.3,9.12,9.12,22400
2010-12-02,9.12,9.18,9.01,9.02,15300
2010-12-03,9.02,9.06,8.95,9.04,8800
2010-12-06,9.04,9.4,8.95,9.0,15600
2010-12-07,9.0,9.03,8.57,8.78,41800
2010-12-08,8.8,8.88,8.54,8.86,36400
2010-12-09,8.79,8.79,8.61,8.7,16400
2010-12-10,8.66,8.66,8.4,8.52,23200
2010-12-13,8.42,8.42,8.32,8.38,26200
2010-12-14,8.37,8.59,8.33,8.59,33000
2010-12-15,8.54,8.6,8.41,8.6,35300
2010-12-16,8.48,8.77,8.48,8.77,67700
2010-12-17,8.83,9.1,8.77,9.04,21100
2010-12-20,8.97,8.97,8.7,8.7,28100
2010-12-21,8.71,8.71,8.51,8.51,24200
2010-12-22,8.55,8.64,8.49,8.55,20500
2010-12-23,8.55,8.57,8.5,8.5,10600
2010-12-27,8.51,8.58,8.48,8.5,4400
2010-12-28,8.52,8.65,8.4,8.65,43500
2010-12-29,8.65,8.69,8.48,8.54,21900
2010-12-30,8.62,8.78,8.51,8.77,19900
2010-12-31,8.79,8.96,8.63,8.79,26200
2011-01-03,8.79,8.93,8.68,8.76,9500
2011-01-04,8.75,8.75,8.67,8.67,4500
2011-01-05,8.66,8.78,8.56,8.56,12600
2011-01-06,8.56,8.57,8.51,8.51,7800
2011-01-07,8.51,8.62,8.48,8.62,15400
2011-01-10,8.61,8.61,8.53,8.58,9000
2011-01-11,8.5,8.56,8.41,8.56,27100
2011-01-12,8.53,8.64,8.44,8.49,45100
2011-01-13,8.47,8.47,8.13,8.34,33800
2011-01-14,8.3,8.3,8.11,8.15,25200
2011-01-18,8.15,8.3,7.94,8.29,42900
2011-01-19,8.3,8.3,8.06,8.07,27900
2011-01-20,8.02,8.19,8.0,8.08,35000
2011-01-21,8.09,8.2,8.06,8.11,12700
2011-01-24,8.11,8.29,8.11,8.2,15500
2011-01-25,8.2,8.37,8.2,8.37,16100
2011-01-26,8.38,8.61,8.38,8.48,7000
2011-01-27,8.5,8.54,8.37,8.49,9100
2011-01-28,8.53,8.53,8.41,8.48,2600
2011-01-31,8.55,8.55,8.43,8.53,14700
2011-02-01,8.59,8.7,8.55,8.63,14400
2011-02-02,8.61,8.7,8.58,8.65,5300
2011-02-03,8.68,8.78,8.67,8.76,25300
2011-02-04,8.73,8.73,8.51,8.61,22800
2011-02-07,8.53,8.72,8.53,8.69,12800
2011-02-08,8.69,8.69,8.62,8.69,5500
2011-02-09,8.63,8.63,8.54,8.57,12500
2011-02-10,8.55,8.56,8.48,8.48,6900
2011-02-11,8.45,8.75,8.45,8.72,16800
2011-02-14,8.77,8.77,8.48,8.48,21900
2011-02-15,8.46,8.56,8.46,8.51,10900
2011-02-16,8.45,8.58,8.44,8.51,8500
2011-02-17,8.46,8.57,8.46,8.55,6600
2011-02-18,8.6,8.7,8.54,8.6,17200
2011-02-22,8.59,8.65,8.45,8.52,27800
2011-02-23,8.52,8.64,8.51,8.58,5600
2011-02-24,8.62,8.63,8.52,8.63,3800
2011-02-25,8.65,8.69,8.65,8.69,3800
2011-02-28,8.75,8.75,8.69,8.75,7900
2011-03-01,8.75,8.75,8.7,8.74,3500
2011-03-02,8.73,8.75,8.65,8.7,8100
2011-03-03,8.68,8.69,8.68,8.68,1500
2011-03-04,8.67,8.69,8.64,8.67,2900
2011-03-07,8.65,8.9,8.57,8.9,26900
2011-03-08,8.87,8.9,8.82,8.89,15400
2011-03-09,8.86,9.0,8.75,8.9,17800
2011-03-10,8.87,8.87,8.8,8.8,2300
2011-03-11,8.81,8.84,8.69,8.7,9300
2011-03-14,8.68,8.76,8.68,8.76,6800
2011-03-15,8.76,8.77,8.64,8.64,5300
2011-03-16,8.67,8.69,8.64,8.64,2700
2011-03-17,8.65,8.65,8.64,8.64,1300
2011-03-18,8.63,8.69,8.63,8.63,4600
2011-03-21,8.63,8.63,8.59,8.61,3400
2011-03-22,8.6,8.65,8.6,8.6,3500
2011-03-23,8.6,8.72,8.6,8.67,6200
2011-03-24,8.65,8.7,8.61,8.61,7900
2011-03-25,8.6,8.65,8.56,8.62,4700
2011-03-28,8.6,8.74,8.53,8.74,9500
2011-03-29,8.74,8.74,8.56,8.66,12300
2011-03-30,8.63,8.72,8.57,8.58,8500
2011-03-31,8.57,8.66,8.52,8.62,13300
2011-04-01,8.62,8.62,8.51,8.61,13900
2011-04-04,8.61,8.61,8.52,8.52,17900
2011-04-05,8.51,8.57,8.45,8.45,5200
2011-04-06,8.45,8.56,8.45,8.5,12500
2011-04-07,8.47,8.59,8.45,8.58,12900
2011-04-08,8.55,8.55,8.46,8.46,1600
2011-04-11,8.46,8.5,8.33,8.33,10400
2011-04-12,8.39,8.55,8.36,8.41,7800
2011-04-13,8.41,8.41,8.31,8.38,9300
2011-04-14,8.38,8.47,8.33,8.42,7900
2011-04-15,8.41,8.45,8.34,8.4,8300
2011-04-18,8.33,8.45,8.29,8.45,15000
2011-04-19,8.38,8.53,8.38,8.49,14000
2011-04-20,8.51,8.51,8.34,8.41,9900
2011-04-21,8.46,8.5,8.4,8.44,2700
2011-04-25,8.44,8.49,8.44,8.49,3800
2011-04-26,8.45,8.57,8.45,8.52,3500
2011-04-27,8.57,8.57,8.48,8.48,3900
2011-04-28,8.48,8.58,8.42,8.47,21700
2011-04-29,8.5,8.57,8.5,8.56,6900
2011-05-02,8.6,8.62,8.58,8.62,8200
2011-05-03,8.59,8.69,8.58,8.62,16000
2011-05-04,8.64,8.67,8.52,8.61,9500
2011-05-05,8.6,8.66,8.52,8.57,15900
2011-05-06,8.6,8.69,8.6,8.69,2500
2011-05-09,8.63,8.74,8.63,8.74,3900
2011-05-10,8.69,8.7,8.64,8.69,4300
2011-05-11,8.67,8.77,8.64,8.77,9600
2011-05-12,8.75,8.87,8.75,8.79,6500
2011-05-13,8.82,8.82,8.77,8.77,3200
2011-05-16,8.82,8.87,8.71,8.8,6300
2011-05-17,8.75,8.79,8.67,8.78,8700
2011-05-18,8.76,8.76,8.57,8.69,39300
2011-05-19,8.67,8.87,8.66,8.86,38600
2011-05-20,8.88,8.88,8.77,8.77,5100
2011-05-23,8.77,8.85,8.71,8.74,8200
2011-05-24,8.73,8.76,8.62,8.64,20900
2011-05-25,8.62,8.73,8.61,8.63,14100
2011-05-26,8.66,8.73,8.63,8.73,4300
2011-05-27,8.7,8.76,8.69,8.76,2700
2011-05-31,8.77,8.9,8.77,8.87,15400
2011-06-01,8.9,8.95,8.88,8.94,23800
2011-06-02,8.91,8.94,8.89,8.93,4300
2011-06-03,8.92,8.92,8.84,8.86,2800
2011-06-06,8.86,8.9,8.81,8.85,3800
2011-06-07,8.87,8.93,8.87,8.92,6500
2011-06-08,8.93,8.94,8.85,8.89,8500
2011-06-09,8.83,8.93,8.83,8.83,6200
2011-06-10,8.83,8.88,8.8,8.88,5700
2011-06-13,8.84,8.84,8.77,8.77,2800
2011-06-14,8.76,8.79,8.67,8.68,12100
2011-06-15,8.7,8.75,8.62,8.66,11300
2011-06-16,8.66,8.72,8.64,8.64,12900
2011-06-17,8.64,8.67,8.64,8.66,14200
2011-06-20,8.65,8.78,8.64,8.78,22400
2011-06-21,8.78,8.88,8.73,8.84,16000
2011-06-22,8.86,8.9,8.78,8.86,7300
2011-06-23,8.86,8.89,8.82,8.82,2600
2011-06-24,8.86,8.86,8.79,8.83,4000
2011-06-27,8.85,8.86,8.85,8.86,2200
2011-06-28,8.86,8.91,8.85,8.9,7900
2011-06-29,8.9,8.9,8.83,8.86,8900
2011-06-30,8.85,8.95,8.83,8.85,8700
2011-07-01,8.89,8.93,8.84,8.93,5800
2011-07-05,8.92,9.03,8.9,8.98,7400
2011-07-06,8.96,9.03,8.96,9.03,5000
2011-07-07,9.03,9.05,8.85,8.94,25400
2011-07-08,8.95,8.95,8.85,8.91,5500
2011-07-11,8.93,8.99,8.88,8.88,5800
2011-07-12,8.88,8.9,8.86,8.89,2900
2011-07-13,8.92,8.99,8.92,8.95,5900
2011-07-14,8.93,9.04,8.91,8.99,17500
2011-07-15,8.99,8.99,8.91,8.95,9100
2011-07-18,8.95,8.95,8.81,8.81,11200
2011-07-19,8.83,8.89,8.83,8.88,4400
2011-07-20,8.89,8.9,8.83,8.85,8000
2011-07-21,8.86,8.94,8.86,8.94,3400
2011-07-22,8.92,8.95,8.89,8.95,6800
2011-07-25,8.93,8.94,8.77,8.92,12800
2011-07-26,8.9,8.97,8.87,8.87,12700
2011-07-27,8.89,8.9,8.75,8.76,19100
2011-07-28,8.76,8.86,8.71,8.81,8500
2011-07-29,8.81,8.86,8.76,8.84,7600
2011-08-01,8.89,8.91,8.84,8.84,7900
2011-08-02,8.88,8.91,8.81,8.81,3100
2011-08-03,8.82,9.02,8.81,9.02,14800
2011-08-04,8.98,8.98,8.85,8.92,8500
2011-08-05,8.91,8.95,8.65,8.95,18500
2011-08-08,8.9,8.9,8.55,8.85,46500
2011-08-09,8.83,8.83,8.61,8.77,75900
2011-08-10,8.73,8.8,8.63,8.8,18600
2011-08-11,8.74,9.03,8.74,9.0,16000
2011-08-12,8.99,8.99,8.81,8.91,17900
2011-08-15,8.91,8.95,8.85,8.95,7700
2011-08-16,8.93,8.93,8.85,8.88,4600
2011-08-17,8.88,8.98,8.79,8.89,19100
2011-08-18,8.85,8.88,8.76,8.88,10300
2011-08-19,8.86,8.95,8.83,8.9,2900
2011-08-22,8.93,8.95,8.8,8.9,9000
2011-08-23,8.88,8.95,8.81,8.89,10700
2011-08-24,8.85,8.94,8.84,8.89,4400
2011-08-25,8.89,8.95,8.89,8.89,3900
2011-08-26,8.9,8.94,8.9,8.93,4400
2011-08-29,8.95,9.0,8.89,8.9,6300
2011-08-30,8.9,8.9,8.9,8.9,0
2011-08-31,8.94,9.01,8.94,8.97,10500
2011-09-01,9.0,9.0,8.97,9.0,3100
2011-09-02,8.95,9.01,8.95,9.01,2000
2011-09-06,8.98,8.98,8.92,8.95,5300
2011-09-07,8.97,8.98,8.95,8.96,10700
2011-09-08,8.9,8.92,8.8,8.89,36400
2011-09-09,8.88,8.88,8.81,8.83,5300
2011-09-12,8.82,8.85,8.82,8.85,6500
2011-09-13,8.83,8.9,8.8,8.9,13500
2011-09-14,8.88,8.98,8.87,8.95,16500
2011-09-15,8.96,8.96,8.78,8.83,9000
2011-09-16,8.77,8.88,8.77,8.84,11400
2011-09-19,8.81,8.81,8.62,8.74,35600
2011-09-20,8.75,8.83,8.67,8.82,11300
2011-09-21,8.85,9.01,8.82,8.94,53500
2011-09-22,8.94,9.0,8.83,8.97,13700
2011-09-23,8.97,9.0,8.9,9.0,8500
2011-09-26,9.0,9.0,8.83,8.92,14800
2011-09-27,8.92,8.99,8.89,8.95,10300
2011-09-28,8.99,9.01,8.98,9.01,10700
2011-09-29,9.01,9.01,8.98,9.01,8200
2011-09-30,9.01,9.02,8.97,9.0,8500
2011-10-03,9.0,9.0,8.97,8.97,8700
2011-10-04,8.97,9.0,8.87,8.89,8900
2011-10-05,8.91,8.95,8.91,8.95,2300
2011-10-06,8.97,8.99,8.92,8.96,16000
2011-10-07,8.96,9.01,8.94,8.97,7700
2011-10-10,8.99,9.02,8.93,8.97,11600
2011-10-11,8.93,8.98,8.91,8.95,5400
2011-10-12,8.98,8.98,8.88,8.94,3700
2011-10-13,8.9,8.95,8.88,8.93,6300
2011-10-14,8.95,9.0,8.9,8.99,21800
2011-10-17,8.98,9.1,8.98,9.1,26900
2011-10-18,9.07,9.15,9.03,9.12,11700
2011-10-19,9.12,9.12,8.99,9.07,9100
2011-10-20,9.07,9.12,9.03,9.12,4000
2011-10-21,9.1,9.19,8.99,9.05,23100
2011-10-24,9.05,9.07,9.05,9.07,6400
2011-10-25,9.07,9.07,8.98,9.03,8200
2011-10-26,9.01,9.15,9.01,9.14,12400
2011-10-27,9.19,9.19,9.14,9.14,6100
2011-10-28,9.14,9.2,9.14,9.2,5600
2011-10-31,9.18,9.18,9.14,9.17,2600
2011-11-01,9.19,9.31,9.17,9.27,16400
2011-11-02,9.29,9.29,9.16,9.21,9600
2011-11-03,9.2,9.26,9.18,9.26,5200
2011-11-04,9.21,9.26,9.07,9.23,4400
2011-11-07,9.26,9.26,9.15,9.26,10200
2011-11-08,9.26,9.26,9.24,9.24,5200
2011-11-09,9.18,9.28,9.14,9.2,3400
2011-11-10,9.19,9.22,9.16,9.21,6300
2011-11-11,9.21,9.28,9.2,9.21,5100
2011-11-14,9.23,9.25,9.16,9.19,6700
2011-11-15,9.2,9.2,8.97,9.0,47600
2011-11-16,9.03,9.11,8.99,9.05,11300
2011-11-17,9.06,9.11,9.06,9.07,7800
2011-11-18,9.09,9.11,9.04,9.11,6900
2011-11-21,9.09,9.11,9.03,9.07,8600
2011-11-22,9.05,9.12,8.99,9.12,14400
2011-11-23,9.1,9.14,9.07,9.12,4400
2011-11-25,9.12,9.16,9.12,9.16,4100
2011-11-28,9.19,9.19,9.05,9.14,12700
2011-11-29,9.12,9.12,9.05,9.06,4900
2011-11-30,9.05,9.07,9.01,9.06,30700
2011-12-01,9.08,9.14,9.07,9.09,15100
2011-12-02,9.11,9.19,9.09,9.14,12200
2011-12-05,9.14,9.18,9.05,9.11,14400
2011-12-06,9.07,9.14,9.06,9.14,5800
2011-12-07,9.1,9.17,9.09,9.14,8900
2011-12-08,9.08,9.12,9.07,9.08,5600
2011-12-09,9.14,9.14,9.07,9.07,5300
2011-12-12,9.06,9.13,9.06,9.08,8500
2011-12-13,9.09,9.12,9.06,9.11,7000
2011-12-14,9.09,9.22,9.09,9.22,12500
2011-12-15,9.19,9.21,9.09,9.21,11600
2011-12-16,9.19,9.23,9.11,9.22,13900
2011-12-19,9.2,9.26,9.18,9.26,8400
2011-12-20,9.25,9.27,9.16,9.22,13400
2011-12-21,9.21,9.25,9.17,9.25,12100
2011-12-22,9.23,9.3,9.21,9.3,8800
2011-12-23,9.3,9.3,9.3,9.3,0
2011-12-27,9.27,9.43,9.25,9.3,14100
2011-12-28,9.32,9.38,9.23,9.23,24800
2011-12-29,9.23,9.32,9.22,9.32,7900
2011-12-30,9.31,9.5,9.31,9.47,7000
2012-01-03,9.49,9.56,9.45,9.56,14500
2012-01-04,9.48,9.62,9.48,9.62,18100
2012-01-05,9.61,9.61,9.44,9.6,24400
2012-01-06,9.6,9.64,9.55,9.62,15200
2012-01-09,9.62,9.71,9.62,9.71,12900
2012-01-10,9.73,9.8,9.66,9.71,10700
2012-01-11,9.65,9.82,9.64,9.72,8600
2012-01-12,9.73,9.81,9.66,9.78,12700
2012-01-13,9.8,9.84,9.78,9.8,3900
2012-01-17,9.8,9.88,9.73,9.81,11400
2012-01-18,9.85,9.9,9.77,9.9,23500
2012-01-19,9.9,9.99,9.9,9.96,21500
2012-01-20,9.96,9.99,9.91,9.99,17300
2012-01-23,9.97,10.0,9.95,9.99,10700
2012-01-24,9.98,9.99,9.85,9.98,15600
2012-01-25,9.99,10.03,9.87,10.03,14000
2012-01-26,10.06,10.2,10.04,10.19,20000
2012-01-27,10.22,10.29,10.19,10.29,9900
2012-01-30,10.31,10.4,10.26,10.36,18900
2012-01-31,10.37,10.4,10.24,10.39,15200
2012-02-01,10.4,10.52,10.29,10.39,18700
2012-02-02,10.4,10.43,10.22,10.23,18500
2012-02-03,10.23,10.23,10.2,10.22,8800
2012-02-06,10.24,10.32,10.22,10.32,10300
2012-02-07,10.33,10.4,10.33,10.37,12400
2012-02-08,10.37,10.4,10.32,10.4,15000
2012-02-09,10.33,10.35,10.16,10.18,26000
2012-02-10,10.17,10.37,10.15,10.28,20100
2012-02-13,10.22,10.22,10.1,10.19,19200
2012-02-14,10.19,10.37,10.11,10.26,14700
2012-02-15,10.25,10.25,10.15,10.21,9900
2012-02-16,10.15,10.18,10.05,10.08,12900
2012-02-17,10.1,10.1,9.99,10.0,18900
2012-02-21,9.95,10.0,9.9,9.97,33300
2012-02-22,9.99,10.05,9.98,10.02,10800
2012-02-23,9.99,10.04,9.96,10.0,6700
2012-02-24,9.98,9.99,9.81,9.99,20500
2012-02-27,10.0,10.09,9.91,9.96,26100
2012-02-28,9.96,10.16,9.91,10.1,15600
2012-02-29,10.08,10.17,10.0,10.1,8100
2012-03-01,10.16,10.18,10.1,10.13,4800
2012-03-02,10.11,10.15,10.0,10.15,16600
2012-03-05,10.14,10.25,10.07,10.11,16100
2012-03-06,10.09,10.09,10.02,10.05,4400
2012-03-07,10.05,10.12,10.05,10.12,1400
2012-03-08,10.04,10.09,10.04,10.08,1800
2012-03-09,10.08,10.1,10.03,10.08,3200
2012-03-12,10.05,10.18,10.02,10.18,10100
2012-03-13,10.16,10.18,9.96,10.06,9400
2012-03-14,10.06,10.06,9.88,9.94,8000
2012-03-15,9.93,9.93,9.56,9.68,24500
2012-03-16,9.66,9.66,9.24,9.36,85800
2012-03-19,9.33,9.54,9.33,9.4,19500
2012-03-20,9.41,9.52,9.36,9.52,8800
2012-03-21,9.46,9.53,9.33,9.5,20400
2012-03-22,9.5,9.51,9.43,9.5,12000
2012-03-23,9.47,9.57,9.41,9.49,18000
2012-03-26,9.51,9.51,9.3,9.33,11900
2012-03-27,9.33,9.42,9.33,9.42,8300
2012-03-28,9.44,9.59,9.36,9.48,15300
2012-03-29,9.51,9.59,9.51,9.59,12400
2012-03-30,9.65,9.65,9.59,9.61,4600
2012-04-02,9.65,9.7,9.61,9.67,9000
2012-04-03,9.66,9.67,9.52,9.63,5100
2012-04-04,9.58,9.68,9.58,9.68,8000
2012-04-05,9.66,9.71,9.58,9.69,6600
2012-04-09,9.68,9.75,9.68,9.75,1800
2012-04-10,9.65,9.82,9.62,9.79,9800
2012-04-11,9.76,9.83,9.7,9.75,3200
2012-04-12,9.73,9.77,9.71,9.77,3200
2012-04-13,9.72,9.87,9.71,9.78,2600
2012-04-16,9.76,9.82,9.76,9.82,4600
2012-04-17,9.78,9.8,9.78,9.8,300
2012-04-18,9.75,9.8,9.75,9.77,7900
2012-04-19,9.8,9.8,9.69,9.69,7200
2012-04-20,9.69,9.69,9.66,9.68,2900
2012-04-23,9.65,9.74,9.65,9.74,4000
2012-04-24,9.71,9.85,9.71,9.85,5000
2012-04-25,9.79,9.85,9.79,9.85,4700
2012-04-26,9.82,9.85,9.82,9.85,1300
2012-04-27,9.82,9.94,9.82,9.9,14000
2012-04-30,9.9,9.91,9.84,9.85,23000
2012-05-01,9.9,9.91,9.82,9.82,12300
2012-05-02,9.8,9.91,9.75,9.86,20000
2012-05-03,9.83,9.91,9.78,9.81,27000
2012-05-04,9.82,9.89,9.81,9.89,19500
2012-05-07,9.85,9.96,9.85,9.96,15000
2012-05-08,9.9,9.95,9.9,9.92,7800
2012-05-09,9.86,10.03,9.81,10.03,32000
2012-05-10,10.03,10.05,9.95,9.95,10200
2012-05-11,9.93,10.0,9.93,9.95,2500
2012-05-14,9.9,10.04,9.9,9.99,11900
2012-05-15,9.99,9.99,9.91,9.92,3500
2012-05-16,9.91,9.91,9.87,9.87,5600
2012-05-17,9.88,9.97,9.8,9.94,9500
2012-05-18,9.75,9.94,9.58,9.9,64300
2012-05-21,9.88,9.88,9.69,9.83,10400
2012-05-22,9.8,9.8,9.74,9.75,7700
2012-05-23,9.77,9.77,9.64,9.76,14000
2012-05-24,9.75,9.82,9.7,9.78,5000
2012-05-25,9.77,9.87,9.77,9.87,9300
2012-05-29,9.9,9.93,9.78,9.83,8300
2012-05-30,9.79,9.81,9.77,9.78,6700
2012-05-31,9.77,9.85,9.74,9.8,7900
2012-06-01,9.84,9.89,9.77,9.77,9700
2012-06-04,9.74,9.86,9.74,9.78,8000
2012-06-05,9.85,9.85,9.8,9.83,8700
2012-06-06,9.81,9.9,9.8,9.9,7000
2012-06-07,9.82,9.83,9.73,9.83,10100
2012-06-08,9.8,9.83,9.8,9.83,2200
2012-06-11,9.85,9.87,9.83,9.87,2700
2012-06-12,9.83,9.88,9.83,9.83,6500
2012-06-13,9.83,9.87,9.72,9.87,14400
2012-06-14,9.86,9.86,9.83,9.86,800
2012-06-15,9.81,9.88,9.72,9.87,12700
2012-06-18,9.85,9.91,9.75,9.86,11600
2012-06-19,9.87,10.05,9.87,10.05,24000
2012-06-20,10.05,10.32,9.91,10.12,25800
2012-06-21,10.13,10.15,10.05,10.12,11800
2012-06-22,10.12,10.16,10.08,10.15,9700
2012-06-25,10.15,10.15,10.03,10.13,16700
2012-06-26,10.1,10.17,9.95,10.16,13000
2012-06-27,10.17,10.35,10.13,10.28,15700
2012-06-28,10.28,10.38,10.21,10.35,36800
2012-06-29,10.33,10.44,10.28,10.44,24000
2012-07-02,10.49,10.57,10.4,10.48,29500
2012-07-03,10.47,10.54,10.41,10.54,9700
2012-07-05,10.5,10.56,10.34,10.55,33400
2012-07-06,10.51,10.68,10.42,10.46,26700
2012-07-09,10.48,10.56,10.46,10.5,23200
2012-07-10,10.46,10.58,10.43,10.58,25800
2012-07-11,10.6,10.64,10.55,10.55,18800
2012-07-12,10.57,10.6,10.5,10.6,18100
2012-07-13,10.53,10.6,10.47,10.51,12100
2012-07-16,10.52,10.6,10.51,10.59,9100
2012-07-17,10.53,10.61,10.52,10.59,5800
2012-07-18,10.61,10.62,10.59,10.59,7100
2012-07-19,10.59,10.66,10.52,10.55,9500
2012-07-20,10.53,10.56,10.5,10.56,12100
2012-07-23,10.57,10.72,10.57,10.66,23400
2012-07-24,10.66,10.7,10.64,10.7,1700
2012-07-25,10.72,10.72,10.62,10.7,10100
2012-07-26,10.7,10.7,10.55,10.66,8800
2012-07-27,10.7,10.7,10.55,10.65,7800
2012-07-30,10.65,10.65,10.5,10.65,11800
2012-07-31,10.61,10.65,10.57,10.6,8200
2012-08-01,10.65,10.73,10.61,10.64,12600
2012-08-02,10.6,10.91,10.6,10.75,16400
2012-08-03,10.75,10.9,10.75,10.87,9100
2012-08-06,10.81,10.98,10.79,10.98,8500
2012-08-07,10.9,11.0,10.88,11.0,17400
2012-08-08,11.0,11.02,10.91,10.98,18500
2012-08-09,10.93,10.99,10.77,10.9,8000
2012-08-10,10.99,10.99,10.85,10.92,4100
2012-08-13,10.9,10.9,10.75,10.78,10300
2012-08-14,10.85,10.85,10.67,10.78,9600
2012-08-15,10.79,10.84,10.72,10.75,10100
2012-08-16,10.72,10.72,10.57,10.69,15300
2012-08-17,10.68,10.71,10.6,10.65,4400
2012-08-20,10.62,10.68,10.6,10.67,6400
2012-08-21,10.67,10.72,10.6,10.6,13500
2012-08-22,10.58,10.6,10.5,10.56,17900
2012-08-23,10.55,10.55,10.49,10.49,3200
2012-08-24,10.48,10.52,10.48,10.49,4600
2012-08-27,10.47,10.49,10.44,10.44,18400
2012-08-28,10.41,10.47,10.41,10.43,13600
2012-08-29,10.43,10.55,10.43,10.54,5800
2012-08-30,10.53,10.6,10.5,10.6,6300
2012-08-31,10.59,10.6,10.56,10.6,11900
2012-09-04,10.6,10.6,10.5,10.51,10900
2012-09-05,10.5,10.58,10.5,10.53,3300
2012-09-06,10.51,10.55,10.4,10.41,30600
2012-09-07,10.42,10.54,10.35,10.35,29400
2012-09-10,10.37,10.45,10.36,10.39,14500
2012-09-11,10.41,10.58,10.41,10.58,37000
2012-09-12,10.52,10.52,10.43,10.44,8500
2012-09-13,10.44,10.48,10.38,10.38,18400
2012-09-14,10.37,10.46,10.36,10.41,21500
2012-09-17,10.42,10.42,10.31,10.35,17300
2012-09-18,10.38,10.44,10.35,10.36,10200
2012-09-19,10.34,10.47,10.34,10.36,27900
2012-09-20,10.34,10.46,10.34,10.35,32600
2012-09-21,10.35,10.42,10.35,10.39,16000
2012-09-24,10.38,10.48,10.35,10.41,33000
2012-09-25,10.41,10.58,10.35,10.55,38900
2012-09-26,10.55,10.7,10.55,10.65,13300
2012-09-27,10.59,10.74,10.59,10.68,11900
2012-09-28,10.69,10.69,10.62,10.66,3500
2012-10-01,10.67,10.72,10.53,10.59,8600
2012-10-02,10.57,10.61,10.56,10.57,5400
2012-10-03,10.64,10.64,10.52,10.54,14600
2012-10-04,10.52,10.65,10.49,10.52,21300
2012-10-05,10.52,10.58,10.52,10.58,4700
2012-10-08,10.55,10.59,10.55,10.59,1600
2012-10-09,10.5,10.56,10.47,10.47,6700
2012-10-10,10.46,10.52,10.44,10.46,5300
2012-10-11,10.49,10.66,10.49,10.55,9300
2012-10-12,10.53,10.62,10.48,10.52,8700
2012-10-15,10.53,10.66,10.53,10.54,21100
2012-10-16,10.53,10.55,10.52,10.53,7000
2012-10-17,10.52,10.56,10.52,10.54,6800
2012-10-18,10.52,10.54,10.49,10.53,8600
2012-10-19,10.55,10.71,10.53,10.59,20800
2012-10-22,10.64,10.7,10.53,10.63,17300
2012-10-23,10.62,10.66,10.6,10.66,1000
2012-10-24,10.64,10.72,10.53,10.57,18500
2012-10-25,10.57,10.62,10.56,10.56,12400
2012-10-26,10.59,10.67,10.59,10.66,5800
2012-10-31,10.64,10.72,10.45,10.71,15700
2012-11-01,10.68,10.72,10.66,10.69,9500
2012-11-02,10.7,10.72,10.65,10.72,3600
2012-11-05,10.65,10.67,10.62,10.62,6700
2012-11-06,10.63,10.72,10.62,10.72,6100
2012-11-07,10.72,10.92,10.72,10.82,12100
2012-11-08,10.72,10.81,10.72,10.78,23000
2012-11-09,10.84,10.93,10.74,10.8,11500
2012-11-12,10.77,10.95,10.65,10.86,17100
2012-11-13,10.79,10.8,10.61,10.69,35100
2012-11-14,10.7,10.75,10.53,10.71,28900
2012-11-15,10.66,10.66,10.41,10.55,13000
2012-11-16,10.42,10.6,10.28,10.6,38100
2012-11-19,10.58,10.76,10.58,10.69,27200
2012-11-20,10.73,10.79,10.68,10.79,8100
2012-11-21,10.8,10.85,10.73,10.85,7000
2012-11-23,10.8,10.89,10.77,10.89,2700
2012-11-26,10.78,10.92,10.73,10.91,20500
2012-11-27,10.88,10.99,10.81,10.83,23400
2012-11-28,10.84,11.0,10.74,10.96,24100
2012-11-29,10.94,11.0,10.85,10.99,13200
2012-11-30,10.92,11.01,10.82,11.01,25100
2012-12-03,11.01,11.01,10.77,10.98,21200
2012-12-04,10.97,11.02,10.9,10.96,16100
2012-12-05,10.91,10.99,10.72,10.94,43000
2012-12-06,10.96,11.01,10.81,10.95,21300
2012-12-07,10.92,10.94,10.75,10.91,27500
2012-12-10,10.86,10.86,10.73,10.81,26200
2012-12-11,10.71,10.85,10.69,10.84,14800
2012-12-12,10.81,10.84,10.59,10.79,29400
2012-12-13,10.75,10.83,10.71,10.78,14600
2012-12-14,10.75,10.75,10.52,10.75,7200
2012-12-17,10.69,10.69,10.56,10.62,14700
2012-12-18,10.61,10.61,10.4,10.55,25200
2012-12-19,10.49,10.58,10.27,10.42,60000
2012-12-20,10.42,10.66,10.39,10.54,19200
2012-12-21,10.4,10.59,10.4,10.55,21700
2012-12-24,10.45,10.55,10.36,10.5,18900
2012-12-26,10.4,10.61,10.32,10.61,22300
2012-12-27,10.64,10.64,10.21,10.42,29900
2012-12-28,10.34,10.45,10.25,10.39,8100
2012-12-31,10.36,10.66,10.27,10.63,25400
2013-01-02,10.72,10.89,10.67,10.8,16800
2013-01-03,10.74,10.99,10.74,10.85,12200
2013-01-04,10.85,10.9,10.67,10.81,24000
2013-01-07,10.94,10.94,10.64,10.86,9800
2013-01-08,10.82,10.91,10.76,10.82,10100
2013-01-09,10.79,10.83,10.7,10.76,14100
2013-01-10,10.68,10.78,10.67,10.69,8800
2013-01-11,10.66,10.7,10.64,10.7,1200
2013-01-14,10.68,10.81,10.67,10.7,14800
2013-01-15,10.76,10.76,10.6,10.69,10100
2013-01-16,10.69,10.73,10.68,10.73,2500
2013-01-17,10.71,10.75,10.69,10.75,5500
2013-01-18,10.72,10.8,10.7,10.77,5200
2013-01-22,10.75,10.8,10.73,10.76,15700
2013-01-23,10.72,10.85,10.72,10.85,14400
2013-01-24,10.89,10.89,10.75,10.79,14900
2013-01-25,10.78,10.78,10.69,10.74,8300
2013-01-28,10.7,10.72,10.58,10.6,19800
2013-01-29,10.66,10.66,10.48,10.56,11100
2013-01-30,10.45,10.54,10.45,10.53,16500
2013-01-31,10.53,10.64,10.46,10.58,7100
2013-02-01,10.65,10.7,10.59,10.6,5200
2013-02-04,10.56,10.61,10.54,10.61,3700
2013-02-05,10.59,10.61,10.54,10.61,4800
2013-02-06,10.58,10.58,10.56,10.58,4600
2013-02-07,10.51,10.6,10.51,10.6,3100
2013-02-08,10.63,10.67,10.59,10.66,4300
2013-02-11,10.6,10.65,10.53,10.64,3100
2013-02-12,10.56,10.65,10.56,10.62,11200
2013-02-13,10.64,10.67,10.5,10.57,4000
2013-02-14,10.51,10.56,10.5,10.56,9800
2013-02-15,10.52,10.55,10.5,10.55,3100
2013-02-19,10.47,10.53,10.44,10.52,7500
2013-02-20,10.51,10.53,10.51,10.53,2800
2013-02-21,10.51,10.52,10.47,10.5,4100
2013-02-22,10.5,10.54,10.47,10.54,7700
2013-02-25,10.52,10.52,10.51,10.51,4200
2013-02-26,10.51,10.52,10.47,10.49,3600
2013-02-27,10.45,10.55,10.43,10.48,4100
2013-02-28,10.48,10.52,10.43,10.5,7000
2013-03-01,10.44,10.6,10.44,10.6,7300
2013-03-04,10.62,10.63,10.37,10.58,23900
2013-03-05,10.54,10.58,10.45,10.54,5800
2013-03-06,10.5,10.58,10.45,10.53,9400
2013-03-07,10.48,10.48,10.41,10.41,9600
2013-03-08,10.51,10.51,10.42,10.44,2000
2013-03-11,10.42,10.48,10.35,10.46,9300
2013-03-12,10.37,10.45,10.35,10.43,9200
2013-03-13,10.39,10.47,10.37,10.39,7100
2013-03-14,10.35,10.36,10.2,10.32,28800
2013-03-15,10.27,10.27,10.09,10.25,30600
2013-03-18,10.18,10.32,10.15,10.27,10200
2013-03-19,10.33,10.4,10.18,10.35,11900
2013-03-20,10.29,10.43,10.29,10.34,7100
2013-03-21,10.39,10.39,10.22,10.27,25500
2013-03-22,10.23,10.23,10.1,10.14,17200
2013-03-25,10.1,10.15,10.08,10.15,11200
2013-03-26,10.16,10.16,10.05,10.09,5800
2013-03-27,10.06,10.09,10.02,10.02,42100
2013-03-28,10.04,10.22,10.04,10.14,8000
2013-04-01,10.22,10.25,10.08,10.1,23200
2013-04-02,10.07,10.16,10.06,10.15,19500
2013-04-03,10.2,10.26,10.15,10.26,9600
2013-04-04,10.2,10.23,10.11,10.22,22000
2013-04-05,10.25,10.27,10.11,10.2,43000
2013-04-08,10.27,10.41,10.23,10.39,23600
2013-04-09,10.35,10.4,10.31,10.39,12800
2013-04-10,10.43,10.43,10.18,10.3,19100
2013-04-11,10.34,10.37,10.18,10.27,15000
2013-04-12,10.3,10.39,10.21,10.38,11700
2013-04-15,10.31,10.38,10.26,10.33,11700
2013-04-16,10.39,10.39,10.18,10.34,19400
2013-04-17,10.34,10.4,10.19,10.22,20200
2013-04-18,10.26,10.45,10.16,10.29,30400
2013-04-19,10.34,10.34,10.2,10.29,4000
2013-04-22,10.28,10.37,10.28,10.34,4600
2013-04-23,10.39,10.49,10.34,10.43,21500
2013-04-24,10.43,10.45,10.26,10.42,16800
2013-04-25,10.45,10.45,10.32,10.32,6200
2013-04-26,10.3,10.35,10.14,10.26,17200
2013-04-29,10.21,10.33,10.21,10.27,14500
2013-04-30,10.24,10.28,10.2,10.28,12100
2013-05-01,10.23,10.27,10.23,10.26,3900
2013-05-02,10.23,10.32,10.23,10.25,8700
2013-05-03,10.26,10.31,10.25,10.29,11500
2013-05-06,10.26,10.5,10.26,10.35,30200
2013-05-07,10.32,10.36,10.24,10.28,23600
2013-05-08,10.24,10.32,10.24,10.32,6200
2013-05-09,10.3,10.3,10.25,10.25,9200
2013-05-10,10.33,10.35,10.28,10.33,7100
2013-05-13,10.25,10.4,10.22,10.33,10100
2013-05-14,10.31,10.4,10.27,10.38,6100
2013-05-15,10.4,10.4,10.28,10.38,4700
2013-05-16,10.33,10.38,10.28,10.34,6300
2013-05-17,10.34,10.37,10.3,10.31,2400
2013-05-20,10.35,10.46,10.33,10.46,17200
2013-05-21,10.41,10.45,10.41,10.45,1100
2013-05-22,10.42,10.42,10.29,10.35,11200
2013-05-23,10.34,10.4,10.28,10.4,18600
2013-05-24,10.38,10.43,10.36,10.4,18700
2013-05-28,10.44,10.44,10.25,10.31,9800
2013-05-29,10.31,10.31,9.72,9.86,73600
2013-05-30,9.89,9.89,9.81,9.88,13800
2013-05-31,9.87,9.87,9.7,9.78,22800
2013-06-03,9.74,9.76,9.35,9.51,62400
2013-06-04,9.54,9.74,9.48,9.68,20500
2013-06-05,9.72,9.77,9.7,9.73,29500
2013-06-06,9.73,9.83,9.66,9.67,54900
2013-06-07,9.68,9.68,9.52,9.63,17800
2013-06-10,9.65,9.65,9.35,9.43,26700
2013-06-11,9.3,9.3,9.12,9.25,50600
2013-06-12,9.21,9.21,9.06,9.12,20400
2013-06-13,9.02,9.2,9.02,9.13,49400
2013-06-14,9.13,9.25,9.13,9.18,17400
2013-06-17,9.27,9.42,9.22,9.28,30900
2013-06-18,9.23,9.27,9.08,9.24,35400
2013-06-19,9.19,9.19,9.01,9.19,27100
2013-06-20,9.14,9.14,8.95,9.02,77400
2013-06-21,8.88,9.17,8.72,9.08,52500
2013-06-24,9.01,9.03,8.72,9.03,29500
2013-06-25,9.0,9.13,8.88,9.08,24800
2013-06-26,9.14,9.32,9.12,9.27,12300
2013-06-27,9.38,9.49,9.32,9.45,14300
2013-06-28,9.45,9.52,9.33,9.51,19000
2013-07-01,9.52,9.82,9.52,9.65,42000
2013-07-02,9.64,9.66,9.51,9.59,8300
2013-07-03,9.49,9.56,9.35,9.49,21600
2013-07-05,9.55,9.6,9.38,9.41,18500
2013-07-08,9.56,9.71,9.47,9.62,25800
2013-07-09,9.56,9.56,9.41,9.42,23200
2013-07-10,9.41,9.42,9.18,9.34,12300
2013-07-11,9.5,9.62,9.41,9.53,18200
2013-07-12,9.5,9.53,9.39,9.46,4700
2013-07-15,9.41,9.45,9.3,9.45,4500
2013-07-16,9.3,9.36,9.19,9.31,24400
2013-07-17,9.36,9.36,9.28,9.31,5600
2013-07-18,9.31,9.32,9.27,9.31,5500
2013-07-19,9.25,9.3,9.24,9.29,4200
2013-07-22,9.23,9.23,8.84,9.04,80000
2013-07-23,9.03,9.15,9.02,9.11,12700
2013-07-24,9.1,9.1,8.86,8.98,24500
2013-07-25,8.91,9.1,8.89,9.0,16600
2013-07-26,9.09,9.15,8.94,9.11,17600
2013-07-29,9.2,9.24,9.15,9.16,15700
2013-07-30,9.15,9.25,9.1,9.25,22200
2013-07-31,9.18,9.18,9.12,9.18,4100
2013-08-01,9.27,9.28,9.17,9.24,15100
2013-08-02,9.24,9.27,9.19,9.24,6200
2013-08-05,9.33,9.33,9.22,9.26,14100
2013-08-06,9.12,9.16,8.98,9.08,15800
2013-08-07,9.03,9.1,8.98,9.1,16600
2013-08-08,9.02,9.08,9.02,9.08,45500
2013-08-09,9.03,9.08,8.97,9.08,21400
2013-08-12,9.02,9.08,8.98,9.05,17100
2013-08-13,9.05,9.05,8.96,8.98,27100
2013-08-14,8.98,9.05,8.95,9.05,21500
2013-08-15,8.96,9.02,8.86,8.89,17000
2013-08-16,8.94,8.98,8.89,8.95,12300
2013-08-19,8.9,9.02,8.86,8.91,24800
2013-08-20,9.0,9.0,8.88,8.91,15500
2013-08-21,8.94,9.02,8.9,8.93,38100
2013-08-22,8.9,9.09,8.9,8.96,14600
2013-08-23,8.94,9.01,8.91,8.95,13600
2013-08-26,8.92,9.07,8.92,9.03,40800
2013-08-27,9.04,9.25,9.04,9.2,20400
2013-08-28,9.23,9.31,9.1,9.27,17500
2013-08-29,9.19,9.25,9.12,9.24,7700
2013-08-30,9.19,9.28,9.12,9.13,14100
2013-09-03,9.19,9.23,9.03,9.19,9700
2013-09-04,9.12,9.15,9.05,9.06,11700
2013-09-05,9.06,9.11,8.99,9.07,9500
2013-09-06,9.03,9.13,8.9,8.9,15200
2013-09-09,8.96,8.99,8.91,8.99,61400
2013-09-10,8.96,9.03,8.91,8.91,52800
2013-09-11,8.91,8.92,8.82,8.85,43100
2013-09-12,8.87,8.96,8.86,8.91,19700
2013-09-13,8.89,8.93,8.85,8.93,5500
2013-09-16,8.95,9.03,8.9,8.9,17000
2013-09-17,8.93,9.02,8.91,9.01,20900
2013-09-18,9.05,9.17,8.92,9.17,20800
2013-09-19,9.15,9.15,8.98,9.07,30400
2013-09-20,9.0,9.09,8.94,8.99,8200
2013-09-23,8.96,9.08,8.96,9.06,3000
2013-09-24,9.02,9.09,9.02,9.09,8500
2013-09-25,9.13,9.34,9.09,9.26,21500
2013-09-26,9.3,9.3,9.18,9.25,2900
2013-09-27,9.21,9.32,9.16,9.31,1500
2013-09-30,9.3,9.3,9.24,9.3,3500
2013-10-01,9.3,9.33,9.19,9.32,19300
2013-10-02,9.22,9.27,9.04,9.17,23900
2013-10-03,9.22,9.22,9.06,9.14,5900
2013-10-04,9.07,9.24,9.07,9.19,3100
2013-10-07,9.14,9.19,9.03,9.13,4900
2013-10-08,9.11,9.8,9.11,9.25,22500
2013-10-09,9.24,9.24,9.11,9.15,9000
2013-10-10,9.28,9.28,9.05,9.13,12900
2013-10-11,9.04,9.13,9.03,9.08,5100
2013-10-14,9.09,9.13,9.06,9.11,4900
2013-10-15,9.05,9.14,9.05,9.14,5100
2013-10-16,9.11,9.13,9.0,9.02,28900
2013-10-17,9.0,9.09,8.94,9.04,60000
2013-10-18,9.06,9.06,8.96,9.0,17300
2013-10-21,9.0,9.04,8.96,9.02,5900
2013-10-22,9.02,9.07,9.01,9.03,10300
2013-10-23,9.05,9.05,8.95,9.02,31800
2013-10-24,8.97,9.01,8.93,9.0,14900
2013-10-25,8.96,9.01,8.96,9.01,3900
2013-10-28,9.01,9.07,8.99,8.99,18200
2013-10-29,9.04,9.04,9.0,9.02,8600
2013-10-30,9.0,9.03,8.98,9.0,6200
2013-10-31,8.97,8.98,8.9,8.94,14000
2013-11-01,8.95,8.95,8.9,8.91,19700
2013-11-04,8.9,8.94,8.9,8.9,12700
2013-11-05,8.9,8.93,8.85,8.85,31500
2013-11-06,8.85,8.97,8.85,8.89,60800
2013-11-07,8.9,8.9,8.83,8.88,48200
2013-11-08,8.93,8.93,8.68,8.76,16600
2013-11-11,8.76,8.76,8.73,8.74,7900
2013-11-12,8.7,8.8,8.68,8.8,13700
2013-11-13,8.76,8.85,8.72,8.73,14900
2013-11-14,8.78,8.8,8.69,8.77,39500
2013-11-15,8.73,8.83,8.71,8.81,8400
2013-11-18,8.82,8.82,8.68,8.77,15000
2013-11-19,8.73,8.81,8.63,8.68,27000
2013-11-20,8.62,8.72,8.6,8.63,26800
2013-11-21,8.63,8.68,8.62,8.67,8000
2013-11-22,8.64,8.71,8.62,8.66,11500
2013-11-25,8.71,8.72,8.54,8.61,34100
2013-11-26,8.63,8.64,8.55,8.59,14700
2013-11-27,8.61,8.64,8.56,8.59,12200
2013-11-29,8.62,8.63,8.55,8.61,9100
2013-12-02,8.58,8.58,8.49,8.54,25500
2013-12-03,8.5,8.5,8.44,8.5,35700
2013-12-04,8.49,8.55,8.47,8.53,32200
2013-12-05,8.5,8.57,8.5,8.56,12300
2013-12-06,8.58,8.58,8.55,8.58,7800
2013-12-09,8.57,8.71,8.51,8.7,31300
2013-12-10,8.67,8.67,8.56,8.65,17900
2013-12-11,8.61,8.64,8.52,8.52,13500
2013-12-12,8.52,8.54,8.43,8.47,15200
2013-12-13,8.43,8.54,8.43,8.48,59800
2013-12-16,8.48,8.54,8.47,8.54,17800
2013-12-17,8.54,8.55,8.45,8.52,40900
2013-12-18,8.5,8.56,8.49,8.54,27300
2013-12-19,8.49,8.64,8.48,8.61,87600
2013-12-20,8.6,8.65,8.58,8.64,55400
2013-12-23,8.63,8.77,8.62,8.72,90400
2013-12-24,8.73,8.79,8.69,8.76,31300
2013-12-26,8.74,8.74,8.56,8.62,62200
2013-12-27,8.63,8.66,8.58,8.59,24400
2013-12-30,8.64,8.66,8.58,8.62,41500
2013-12-31,8.66,8.66,8.55,8.65,39000
2014-01-02,8.66,8.66,8.55,8.64,39500
2014-01-03,8.64,8.66,8.6,8.6,47500
2014-01-06,8.53,8.71,8.53,8.71,45400
2014-01-07,8.75,8.75,8.66,8.69,22200
2014-01-08,8.67,8.74,8.63,8.66,35600
2014-01-09,8.67,8.68,8.67,8.68,1400
2014-01-10,8.72,8.76,8.7,8.73,21000
2014-01-13,8.74,8.78,8.69,8.72,23000
2014-01-14,8.76,8.84,8.69,8.78,88900
2014-01-15,8.8,8.85,8.7,8.81,57100
2014-01-16,8.85,8.85,8.77,8.79,11100
2014-01-17,8.86,8.92,8.76,8.88,26700
2014-01-21,8.92,8.95,8.83,8.89,23700
2014-01-22,8.92,8.93,8.83,8.89,30500
2014-01-23,8.89,8.98,8.85,8.85,45800
2014-01-24,8.81,8.88,8.7,8.81,82900
2014-01-27,8.88,8.9,8.74,8.85,29100
2014-01-28,8.86,8.86,8.76,8.84,11200
2014-01-29,8.84,8.92,8.83,8.92,20500
2014-01-30,8.93,8.95,8.9,8.95,6900
2014-01-31,8.98,8.99,8.88,8.91,16400
2014-02-03,8.96,9.1,8.95,9.05,41000
2014-02-04,9.07,9.07,8.99,9.04,18400
2014-02-05,9.04,9.04,8.94,9.02,21500
2014-02-06,9.05,9.05,8.91,9.0,14600
2014-02-07,8.94,9.04,8.91,8.98,32300
2014-02-10,8.95,9.08,8.95,9.06,18200
2014-02-11,9.04,9.06,9.01,9.05,6200
2014-02-12,9.05,9.05,8.94,9.03,6100
2014-02-13,9.05,9.09,8.99,8.99,18700
2014-02-14,9.04,9.04,8.96,8.99,4000
2014-02-18,9.03,9.06,8.93,8.93,13300
2014-02-19,8.93,9.03,8.93,9.02,10600
2014-02-20,9.0,9.04,8.96,9.02,11600
2014-02-21,9.06,9.07,8.98,9.05,7200
2014-02-24,9.06,9.08,9.04,9.07,6800
2014-02-25,9.08,9.08,9.01,9.05,6900
2014-02-26,9.09,9.11,9.05,9.07,7500
2014-02-27,9.12,9.16,9.03,9.13,21800
2014-02-28,9.11,9.2,9.1,9.19,4200
2014-03-03,9.22,9.22,9.17,9.21,8800
2014-03-04,9.24,9.25,9.2,9.24,8400
2014-03-05,9.26,9.26,9.19,9.25,8000
2014-03-06,9.23,9.23,9.11,9.11,16500
2014-03-07,9.09,9.11,9.02,9.09,4900
2014-03-10,9.08,9.19,9.07,9.19,14400
2014-03-11,9.12,9.12,9.06,9.08,2900
2014-03-12,9.13,9.13,9.12,9.13,3000
2014-03-13,9.17,9.27,9.16,9.22,25600
2014-03-14,9.16,9.2,9.07,9.14,81600
2014-03-17,9.14,9.17,9.12,9.16,21100
2014-03-18,9.21,9.21,9.1,9.18,16800
2014-03-19,9.23,9.24,9.13,9.19,12300
2014-03-20,9.15,9.18,9.07,9.17,15600
2014-03-21,9.22,9.24,9.17,9.23,10000
2014-03-24,9.24,9.28,9.16,9.23,4600
2014-03-25,9.18,9.21,9.12,9.12,19300
2014-03-26,9.13,9.2,9.09,9.15,10100
2014-03-27,9.18,9.2,9.14,9.2,3700
2014-03-28,9.25,9.29,9.22,9.29,7400
2014-03-31,9.28,9.28,9.24,9.25,6200
2014-04-01,9.25,9.28,9.23,9.28,7200
2014-04-02,9.26,9.27,9.25,9.26,3900
2014-04-03,9.27,9.33,9.22,9.33,28800
2014-04-04,9.37,9.37,9.26,9.35,34000
2014-04-07,9.39,9.44,9.27,9.34,58700
2014-04-08,9.29,9.38,9.29,9.35,25500
2014-04-09,9.31,9.43,9.25,9.41,60600
2014-04-10,9.36,9.41,9.33,9.36,16800
2014-04-11,9.4,9.49,9.31,9.41,31100
2014-04-14,9.38,9.38,9.28,9.35,29000
2014-04-15,9.35,9.44,9.31,9.36,30700
2014-04-16,9.36,9.46,9.36,9.37,18100
2014-04-17,9.4,9.42,9.35,9.37,6700
2014-04-21,9.33,9.38,9.26,9.34,39100
2014-04-22,9.33,9.33,9.28,9.3,6800
2014-04-23,9.29,9.32,9.15,9.26,18900
2014-04-24,9.3,9.3,9.25,9.25,4700
2014-04-25,9.25,9.34,9.25,9.33,5200
2014-04-28,9.34,9.44,9.28,9.34,31200
2014-04-29,9.39,9.4,9.24,9.26,22000
2014-04-30,9.27,9.32,9.27,9.32,11000
2014-05-01,9.35,9.35,9.32,9.34,15400
2014-05-02,9.31,9.44,9.31,9.44,18500
2014-05-05,9.38,9.62,9.38,9.57,18700
2014-05-06,9.62,9.62,9.52,9.57,13400
2014-05-07,9.56,9.61,9.53,9.57,40900
2014-05-08,9.55,9.6,9.5,9.58,42000
2014-05-09,9.55,9.56,9.44,9.45,22300
2014-05-12,9.48,9.52,9.42,9.44,22800
2014-05-13,9.44,9.49,9.42,9.49,15500
2014-05-14,9.51,9.58,9.51,9.58,5600
2014-05-15,9.63,9.7,9.63,9.7,19500
2014-05-16,9.73,9.77,9.71,9.76,11800
2014-05-19,9.79,9.79,9.77,9.78,5700
2014-05-20,9.8,9.85,9.76,9.84,10500
2014-05-21,9.88,9.88,9.76,9.85,7100
2014-05-22,9.88,9.88,9.82,9.88,4000
2014-05-23,9.88,9.95,9.84,9.95,17700
2014-05-27,9.97,9.97,9.91,9.92,15900
2014-05-28,9.96,9.98,9.9,9.91,10200
2014-05-29,9.95,9.95,9.91,9.94,4800
2014-05-30,9.98,10.01,9.86,9.91,13300
2014-06-02,9.93,9.94,9.87,9.89,15600
2014-06-03,9.91,9.94,9.87,9.88,14600
2014-06-04,9.91,9.91,9.82,9.85,10000
2014-06-05,9.8,9.87,9.8,9.87,5800
2014-06-06,9.93,9.93,9.87,9.91,2200
2014-06-09,9.91,9.96,9.85,9.92,42500
2014-06-10,9.9,9.9,9.71,9.71,15700
2014-06-11,9.76,9.82,9.76,9.82,3500
2014-06-12,9.86,9.86,9.77,9.83,11800
2014-06-13,9.86,9.86,9.78,9.82,10000
2014-06-16,9.83,9.83,9.76,9.8,8200
2014-06-17,9.78,9.78,9.64,9.65,32200
2014-06-18,9.64,9.73,9.6,9.65,15400
2014-06-19,9.67,9.74,9.66,9.66,7500
2014-06-20,9.67,9.67,9.55,9.58,20700
2014-06-23,9.6,9.63,9.6,9.63,5700
2014-06-24,9.67,9.67,9.62,9.67,4000
2014-06-25,9.63,9.67,9.63,9.65,8400
2014-06-26,9.66,9.67,9.65,9.65,8000
2014-06-27,9.67,9.67,9.62,9.62,14200
2014-06-30,9.66,9.67,9.61,9.66,18900
2014-07-01,9.67,9.73,9.62,9.62,14200
2014-07-02,9.58,9.63,9.5,9.56,14100
2014-07-03,9.5,9.51,9.46,9.49,6600
2014-07-07,9.45,9.52,9.45,9.49,22500
2014-07-08,9.5,9.57,9.47,9.52,2900
2014-07-09,9.51,9.51,9.45,9.46,27700
2014-07-10,9.44,9.6,9.44,9.53,8500
2014-07-11,9.58,9.58,9.45,9.46,22000
2014-07-14,9.47,9.47,9.44,9.44,4100
2014-07-15,9.4,9.5,9.39,9.42,88000
2014-07-16,9.4,9.44,9.32,9.39,18500
2014-07-17,9.41,9.44,9.4,9.44,4900
2014-07-18,9.41,9.44,9.41,9.42,4200
2014-07-21,9.4,9.48,9.39,9.48,13300
2014-07-22,9.5,9.52,9.41,9.46,13700
2014-07-23,9.48,9.5,9.41,9.48,15700
2014-07-24,9.46,9.46,9.4,9.44,8400
2014-07-25,9.46,9.47,9.35,9.42,37500
2014-07-28,9.43,9.45,9.38,9.44,6600
2014-07-29,9.44,9.46,9.4,9.41,3000
2014-07-30,9.43,9.6,9.4,9.53,12600
2014-07-31,9.51,9.51,9.42,9.46,7400
2014-08-01,9.5,9.53,9.44,9.48,4000
2014-08-04,9.53,9.56,9.48,9.53,4900
2014-08-05,9.54,9.54,9.45,9.52,9400
2014-08-06,9.46,9.5,9.46,9.48,7400
2014-08-07,9.39,9.43,9.36,9.4,8800
2014-08-08,9.41,9.47,9.41,9.47,1200
2014-08-11,9.43,9.47,9.38,9.41,10900
2014-08-12,9.44,9.44,9.33,9.36,6900
2014-08-13,9.35,9.41,9.34,9.4,36100
2014-08-14,9.37,9.39,9.37,9.37,2200
2014-08-15,9.33,9.44,9.33,9.44,7400
2014-08-18,9.44,9.44,9.35,9.37,7900
2014-08-19,9.29,9.41,9.29,9.41,15400
2014-08-20,9.4,9.41,9.37,9.41,8100
2014-08-21,9.41,9.41,9.36,9.39,16100
2014-08-22,9.4,9.4,9.4,9.4,4700
2014-08-25,9.41,9.41,9.35,9.38,49900
2014-08-26,9.42,9.43,9.35,9.42,23800
2014-08-27,9.43,9.44,9.39,9.39,12600
2014-08-28,9.4,9.45,9.39,9.44,10400
2014-08-29,9.42,9.45,9.4,9.44,19200
2014-09-02,9.45,9.45,9.39,9.45,35600
2014-09-03,9.44,9.52,9.41,9.51,10900
2014-09-04,9.54,9.54,9.43,9.45,12000
2014-09-05,9.46,9.5,9.45,9.45,15100
2014-09-08,9.51,9.53,9.43,9.51,31600
2014-09-09,9.52,9.54,9.39,9.41,20600
2014-09-10,9.39,9.42,9.32,9.32,42700
2014-09-11,9.33,9.45,9.33,9.42,23400
2014-09-12,9.43,9.47,9.4,9.4,26300
2014-09-15,9.45,9.45,9.4,9.4,12300
2014-09-16,9.45,9.45,9.37,9.41,14500
2014-09-17,9.45,9.46,9.39,9.45,12500
2014-09-18,9.37,9.4,9.29,9.33,17300
2014-09-19,9.36,9.37,9.31,9.37,15900
2014-09-22,9.37,9.4,9.33,9.37,15800
2014-09-23,9.39,9.46,9.38,9.41,14000
2014-09-24,9.45,9.59,9.45,9.55,34200
2014-09-25,9.58,9.62,9.52,9.55,8300
2014-09-26,9.35,9.53,9.23,9.37,94300
2014-09-29,9.35,9.43,9.35,9.42,31700
2014-09-30,9.4,9.61,9.4,9.49,34300
2014-10-01,9.54,9.65,9.52,9.6,33600
2014-10-02,9.62,9.63,9.5,9.51,16700
2014-10-03,9.54,9.61,9.51,9.61,18100
2014-10-06,9.62,9.7,9.6,9.7,22200
2014-10-07,9.68,9.68,9.63,9.65,11200
2014-10-08,9.6,9.76,9.6,9.73,15200
2014-10-09,9.71,9.8,9.65,9.65,14700
2014-10-10,9.63,9.82,9.54,9.54,21800
2014-10-13,9.52,9.64,9.52,9.53,28800
2014-10-14,9.59,9.6,9.56,9.56,900
2014-10-15,9.61,9.79,9.56,9.57,21200
2014-10-16,9.57,9.65,9.57,9.62,10100
2014-10-17,9.66,9.68,9.57,9.67,7600
2014-10-20,9.7,9.7,9.61,9.65,5100
2014-10-21,9.7,9.73,9.63,9.72,13500
2014-10-22,9.75,9.75,9.64,9.64,16800
2014-10-23,9.67,9.68,9.64,9.67,7300
2014-10-24,9.68,9.71,9.64,9.65,9300
2014-10-27,9.7,9.7,9.61,9.62,5800
2014-10-28,9.65,9.65,9.58,9.59,10400
2014-10-29,9.63,9.65,9.55,9.64,8100
2014-10-30,9.65,9.69,9.62,9.65,8000
2014-10-31,9.68,9.69,9.62,9.67,1300
2014-11-03,9.7,9.7,9.55,9.57,31400
2014-11-04,9.61,9.61,9.5,9.53,28000
2014-11-05,9.58,9.63,9.55,9.62,10800
2014-11-06,9.57,9.6,9.53,9.54,2800
2014-11-07,9.55,9.58,9.5,9.51,18100
2014-11-10,9.43,9.47,9.36,9.43,14800
2014-11-11,9.48,9.63,9.35,9.63,16100
2014-11-12,9.63,9.63,9.46,9.56,14600
2014-11-13,9.58,9.62,9.53,9.53,8100
2014-11-14,9.54,9.62,9.51,9.51,15100
2014-11-17,9.55,9.6,9.45,9.46,16200
2014-11-18,9.47,9.55,9.46,9.49,8700
2014-11-19,9.53,9.61,9.45,9.6,13000
2014-11-20,9.6,9.61,9.5,9.61,10400
2014-11-21,9.61,9.66,9.54,9.66,12400
2014-11-24,9.66,9.77,9.63,9.77,11300
2014-11-25,9.77,9.79,9.65,9.79,6100
2014-11-26,9.79,9.79,9.69,9.74,6000
2014-11-28,9.73,9.78,9.72,9.78,1100
2014-12-01,9.83,9.85,9.74,9.75,10800
2014-12-02,9.83,9.83,9.76,9.77,8500
2014-12-03,9.82,9.83,9.77,9.8,8300
2014-12-04,9.82,9.84,9.74,9.83,27100
2014-12-05,9.85,9.85,9.71,9.78,13600
2014-12-08,9.81,9.96,9.77,9.8,13500
2014-12-09,9.8,9.84,9.71,9.83,3800
2014-12-10,9.78,9.79,9.76,9.77,8600
2014-12-11,9.83,9.94,9.83,9.87,21200
2014-12-12,9.92,9.97,9.86,9.94,20600
2014-12-15,9.89,9.99,9.86,9.99,13400
2014-12-16,10.0,10.0,9.7,9.76,9300
2014-12-17,9.78,9.79,9.69,9.75,9400
2014-12-18,9.77,9.77,9.65,9.65,5800
2014-12-19,9.66,9.73,9.66,9.72,12500
2014-12-22,9.75,9.79,9.69,9.71,5100
2014-12-23,9.78,9.78,9.61,9.63,11600
2014-12-24,9.69,9.69,9.6,9.69,4700
2014-12-26,9.76,9.79,9.65,9.76,3100
2014-12-29,9.77,9.81,9.71,9.81,13200
2014-12-30,9.81,9.81,9.71,9.77,7500
2014-12-31,9.74,9.83,9.62,9.77,35900
2015-01-02,9.82,9.99,9.79,9.92,14500
2015-01-05,10.0,10.08,9.88,9.94,22900
2015-01-06,9.94,9.99,9.94,9.96,18900
2015-01-07,9.97,10.0,9.96,10.0,11000
2015-01-08,9.93,9.95,9.82,9.87,13600
2015-01-09,9.91,9.94,9.9,9.94,4600
2015-01-12,9.94,10.15,9.93,10.15,45100
2015-01-13,10.15,10.15,10.06,10.12,3700
2015-01-14,10.1,10.25,10.05,10.14,8400
2015-01-15,10.18,10.18,10.09,10.11,3400
2015-01-16,10.14,10.15,10.1,10.11,11900
2015-01-20,10.15,10.16,10.12,10.15,1100
2015-01-21,10.12,10.13,10.12,10.13,1900
2015-01-22,10.17,10.21,10.17,10.19,7800
2015-01-23,10.22,10.22,10.18,10.2,1900
2015-01-26,10.24,10.25,10.17,10.25,9000
2015-01-27,10.27,10.27,10.22,10.25,4500
2015-01-28,10.28,10.35,10.28,10.34,9100
2015-01-29,10.34,10.34,10.27,10.29,7600
2015-01-30,10.33,10.41,10.33,10.4,7800
2015-02-02,10.45,10.56,10.3,10.46,31000
2015-02-03,10.44,10.54,10.35,10.37,56700
2015-02-04,10.38,10.63,10.36,10.62,11800
2015-02-05,10.56,10.56,10.4,10.41,4600
2015-02-06,10.31,10.39,10.22,10.23,11200
2015-02-09,10.17,10.25,10.15,10.15,5500
2015-02-10,10.15,10.28,10.15,10.26,13000
2015-02-11,10.3,10.3,10.16,10.18,10300
2015-02-12,10.2,10.33,10.2,10.26,3900
2015-02-13,10.34,10.34,10.2,10.24,3400
2015-02-17,10.24,10.24,10.07,10.07,9100
2015-02-18,10.12,10.13,10.01,10.06,15400
2015-02-19,10.02,10.22,10.02,10.09,10000
2015-02-20,10.14,10.18,10.04,10.07,6500
2015-02-23,10.13,10.14,10.02,10.03,10400
2015-02-24,10.08,10.08,9.96,10.0,10200
2015-02-25,9.99,10.05,9.99,9.99,22000
2015-02-26,10.01,10.33,10.0,10.18,32600
2015-02-27,10.21,10.26,10.1,10.26,7200
2015-03-02,10.3,10.3,9.96,10.08,27200
2015-03-03,10.11,10.14,10.07,10.13,9300
2015-03-04,10.17,10.17,10.08,10.11,2900
2015-03-05,10.14,10.14,10.02,10.03,10000
2015-03-06,9.99,10.1,9.96,10.1,14500
2015-03-09,10.13,10.14,10.05,10.11,6800
2015-03-10,10.11,10.15,9.97,10.01,12400
2015-03-11,10.05,10.05,9.89,9.96,17700
2015-03-12,9.99,9.99,9.91,9.96,5800
2015-03-13,9.98,9.98,9.86,9.94,2500
2015-03-16,9.89,9.94,9.84,9.84,4000
2015-03-17,9.88,9.88,9.84,9.85,4300
2015-03-18,9.89,10.08,9.85,10.02,22600
2015-03-19,10.02,10.02,9.9,9.9,1000
2015-03-20,9.94,9.99,9.94,9.96,11800
2015-03-23,9.97,10.06,9.96,10.04,16200
2015-03-24,10.06,10.08,10.0,10.07,10400
2015-03-25,10.1,10.1,10.01,10.01,3800
2015-03-26,10.04,10.04,9.95,9.96,6300
2015-03-27,10.02,10.1,9.98,9.99,4600
2015-03-30,10.02,10.02,9.95,10.01,3900
2015-03-31,10.04,10.08,9.96,10.08,14400
2015-04-01,10.09,10.09,10.0,10.0,5200
2015-04-02,9.98,10.07,9.97,10.0,16500
2015-04-06,10.0,10.03,10.0,10.0,3100
2015-04-07,10.04,10.04,10.02,10.04,4700
2015-04-08,10.06,10.11,10.03,10.09,12200
2015-04-09,10.06,10.06,10.04,10.06,8700
2015-04-10,10.02,10.07,10.02,10.06,2000
2015-04-13,10.07,10.08,10.06,10.06,2700
2015-04-14,10.09,10.09,10.07,10.07,13300
2015-04-15,10.09,10.09,10.07,10.08,7900
2015-04-16,10.09,10.14,10.08,10.14,4900
2015-04-17,10.14,10.16,10.13,10.16,2000
2015-04-20,10.18,10.19,10.16,10.18,3700
2015-04-21,10.19,10.29,10.15,10.29,10900
2015-04-22,10.33,10.33,10.23,10.32,7400
2015-04-23,10.32,10.37,10.29,10.37,12300
2015-04-24,10.35,10.38,10.19,10.23,15800
2015-04-27,10.27,10.43,10.27,10.3,4500
2015-04-28,10.33,10.44,10.25,10.42,7300
2015-04-29,10.39,10.39,10.31,10.31,5800
2015-04-30,10.32,10.32,10.23,10.31,7400
2015-05-01,10.35,10.38,10.29,10.38,7300
2015-05-04,10.38,10.38,10.28,10.28,1800
2015-05-05,10.36,10.38,10.22,10.22,11600
2015-05-06,10.22,10.22,10.08,10.08,3100
2015-05-07,10.08,10.15,9.97,10.12,2800
2015-05-08,10.13,10.2,10.13,10.2,2200
2015-05-11,10.2,10.28,10.09,10.13,11600
2015-05-12,10.18,10.18,9.96,10.06,9800
2015-05-13,10.04,10.14,10.04,10.08,4400
2015-05-14,10.08,10.08,10.04,10.04,2300
2015-05-15,10.05,10.06,10.0,10.0,7300
2015-05-18,10.03,10.03,9.87,9.94,9400
2015-05-19,9.91,9.91,9.82,9.89,12200
2015-05-20,9.89,9.93,9.82,9.93,5600
2015-05-21,9.96,9.96,9.93,9.93,5200
2015-05-22,9.93,9.94,9.93,9.93,4300
2015-05-26,9.85,9.85,9.63,9.84,11700
2015-05-27,9.86,9.91,9.86,9.87,12200
2015-05-28,9.85,9.86,9.7,9.7,15400
2015-05-29,9.81,9.82,9.81,9.82,1300
2015-06-01,9.91,9.98,9.79,9.93,11600
2015-06-02,9.89,9.99,9.89,9.98,9100
2015-06-03,9.95,9.95,9.95,9.95,3500
2015-06-04,9.89,9.9,9.83,9.84,3700
2015-06-05,9.77,9.82,9.59,9.69,24000
2015-06-08,9.67,9.74,9.63,9.71,20400
2015-06-09,9.61,9.61,9.45,9.49,20400
2015-06-10,9.44,9.5,9.36,9.45,7500
2015-06-11,9.45,9.5,9.45,9.45,7300
2015-06-12,9.49,9.49,9.45,9.45,9000
2015-06-15,9.47,9.5,9.46,9.46,4800
2015-06-16,9.45,9.48,9.37,9.41,11700
2015-06-17,9.42,9.45,9.42,9.45,1500
2015-06-18,9.43,9.46,9.41,9.43,12800
2015-06-19,9.41,9.49,9.41,9.44,3900
2015-06-22,9.46,9.49,9.44,9.48,5800
2015-06-23,9.4,9.45,9.38,9.42,19900
2015-06-24,9.38,9.41,9.38,9.39,3000
2015-06-25,9.39,9.39,9.39,9.39,0
2015-06-26,9.39,9.39,9.29,9.35,3200
2015-06-29,9.25,9.31,9.23,9.24,13700
2015-06-30,9.31,9.31,9.16,9.29,11200
2015-07-01,9.33,9.46,9.3,9.37,11800
2015-07-02,9.31,9.41,9.31,9.36,4000
2015-07-06,9.35,9.4,9.33,9.38,7900
2015-07-07,9.36,9.49,9.36,9.41,8300
2015-07-08,9.35,9.65,9.35,9.65,28300
2015-07-09,9.58,9.59,9.45,9.51,9500
2015-07-10,9.47,9.52,9.4,9.52,8900
2015-07-13,9.42,9.43,9.34,9.36,16400
2015-07-14,9.37,9.4,9.37,9.39,2500
2015-07-15,9.35,9.45,9.35,9.39,7400
2015-07-16,9.37,9.39,9.37,9.39,4000
2015-07-17,9.35,10.08,9.35,9.59,22500
2015-07-20,9.53,9.65,9.47,9.59,10800
2015-07-21,9.52,9.73,9.5,9.73,22200
2015-07-22,9.72,9.72,9.61,9.72,18200
2015-07-23,9.72,9.72,9.71,9.71,1000
2015-07-24,9.73,9.8,9.73,9.77,4200
2015-07-27,9.81,9.81,9.72,9.81,4200
2015-07-28,9.75,9.79,9.72,9.78,2600
2015-07-29,9.83,9.83,9.79,9.81,1800
2015-07-30,9.84,9.84,9.81,9.82,3000
2015-07-31,9.84,9.84,9.77,9.83,2600
2015-08-03,9.88,9.92,9.8,9.87,7100
2015-08-04,9.9,9.97,9.85,9.94,3400
2015-08-05,9.98,9.98,9.75,9.75,4900
2015-08-06,9.78,9.78,9.6,9.61,4100
2015-08-07,9.65,9.86,9.58,9.67,12300
2015-08-10,9.72,9.79,9.72,9.79,6000
2015-08-11,9.83,9.97,9.82,9.91,6700
2015-08-12,9.85,9.98,9.81,9.87,8600
2015-08-13,9.83,9.95,9.77,9.8,19900
2015-08-14,9.77,9.89,9.62,9.66,12100
2015-08-17,9.63,9.73,9.58,9.67,12100
2015-08-18,9.58,9.69,9.57,9.65,12700
2015-08-19,9.67,9.69,9.56,9.57,5800
2015-08-20,9.56,9.72,9.56,9.68,3700
2015-08-21,9.73,9.73,9.72,9.73,1200
2015-08-24,9.59,9.62,9.59,9.62,1300
2015-08-25,9.61,9.71,9.61,9.64,2000
2015-08-26,9.61,9.73,9.61,9.62,1000
2015-08-27,9.6,9.66,9.51,9.63,6200
2015-08-28,9.65,9.65,9.5,9.5,1200
2015-08-31,9.54,9.7,9.54,9.68,9300
2015-09-01,9.68,9.69,9.56,9.66,5300
2015-09-02,9.63,9.7,9.63,9.7,3700
2015-09-03,9.69,9.8,9.59,9.6,27900
2015-09-04,9.64,9.64,9.6,9.6,1100
2015-09-08,9.61,9.73,9.61,9.68,10700
2015-09-09,9.68,9.86,9.61,9.81,14300
2015-09-10,9.74,9.89,9.74,9.83,8800
2015-09-11,9.79,9.79,9.74,9.75,7900
2015-09-14,9.69,9.71,9.66,9.66,3900
2015-09-15,9.66,9.7,9.59,9.59,5200
2015-09-16,9.57,9.61,9.57,9.61,2000
2015-09-17,9.56,9.67,9.52,9.67,11400
2015-09-18,9.75,9.82,9.68,9.68,1400
2015-09-21,9.67,9.86,9.59,9.86,8300
2015-09-22,9.73,9.82,9.68,9.72,11200
2015-09-23,9.77,9.79,9.65,9.7,7700
2015-09-24,9.69,9.73,9.69,9.73,4500
2015-09-25,9.77,9.85,9.77,9.81,7100
2015-09-28,9.87,9.88,9.75,9.8,6500
2015-09-29,9.78,9.86,9.7,9.81,10300
2015-09-30,9.79,9.87,9.7,9.82,15100
2015-10-01,9.88,9.98,9.87,9.94,16500
2015-10-02,9.97,9.98,9.87,9.9,4800
2015-10-05,9.89,9.98,9.88,9.89,2900
2015-10-06,9.94,9.97,9.9,9.97,6500
2015-10-07,9.86,9.95,9.77,9.87,8300
2015-10-08,9.82,9.88,9.78,9.79,4400
2015-10-09,9.84,9.91,9.84,9.91,1500
2015-10-12,9.88,9.98,9.81,9.87,2700
2015-10-13,9.97,9.98,9.97,9.98,500
2015-10-14,9.98,9.98,9.95,9.95,1700
2015-10-15,9.9,9.99,9.9,9.94,4500
2015-10-16,9.9,9.96,9.77,9.91,3300
2015-10-19,9.86,9.99,9.83,9.88,6800
2015-10-20,9.83,10.0,9.81,9.86,13700
2015-10-21,9.85,9.95,9.85,9.9,4800
2015-10-22,9.95,10.16,9.95,10.14,7300
2015-10-23,10.1,10.16,10.1,10.11,14100
2015-10-26,10.14,10.21,9.98,10.11,8700
2015-10-27,10.1,10.21,9.94,9.95,9700
2015-10-28,9.97,10.16,9.87,9.91,8600
2015-10-29,9.98,10.01,9.87,9.96,4400
2015-10-30,9.98,10.15,9.89,10.04,9800
2015-11-02,10.1,10.21,9.95,9.95,5300
2015-11-03,10.02,10.16,10.02,10.07,7500
2015-11-04,10.01,10.01,9.9,9.99,9100
2015-11-05,9.9,10.05,9.89,10.04,4200
2015-11-06,10.0,10.0,9.85,9.99,9700
2015-11-09,9.99,9.99,9.88,9.99,11400
2015-11-10,10.02,10.02,9.86,9.9,5800
2015-11-11,9.95,10.04,9.9,10.04,9400
2015-11-12,10.06,10.11,10.02,10.09,7900
2015-11-13,10.06,10.13,9.82,10.0,9700
2015-11-16,10.04,10.19,9.99,10.09,18200
2015-11-17,10.11,10.14,10.09,10.1,14900
2015-11-18,10.13,10.27,10.1,10.13,25900
2015-11-19,10.18,10.3,10.16,10.27,17500
2015-11-20,10.25,10.29,10.02,10.06,7000
2015-11-23,10.13,10.13,10.01,10.01,7000
2015-11-24,10.01,10.05,10.0,10.0,8100
2015-11-25,10.03,10.23,10.03,10.23,5200
2015-11-27,10.3,10.3,10.18,10.19,5200
2015-11-30,10.21,10.39,10.2,10.34,11100
2015-12-01,10.39,10.45,10.26,10.26,11000
2015-12-02,10.28,10.36,10.22,10.27,3100
2015-12-03,10.26,10.28,10.24,10.28,4400
2015-12-04,10.23,10.3,10.1,10.2,10600
2015-12-07,10.22,10.22,10.02,10.1,25300
2015-12-08,10.15,10.15,10.07,10.08,9900
2015-12-09,10.08,10.11,10.07,10.07,12700
2015-12-10,10.03,10.1,10.0,10.08,3400
2015-12-11,10.09,10.1,9.98,10.0,11700
2015-12-14,9.99,10.01,9.94,10.01,11900
2015-12-15,10.07,10.07,9.94,9.97,6600
2015-12-16,9.91,10.06,9.91,10.06,22400
2015-12-17,10.04,10.07,9.97,9.98,3000
2015-12-18,10.01,10.07,10.01,10.06,2800
2015-12-21,10.04,10.13,10.03,10.13,8200
2015-12-22,10.08,10.11,10.08,10.11,1400
2015-12-23,10.13,10.14,10.01,10.09,5600
2015-12-24,10.09,10.19,10.09,10.16,1700
2015-12-28,10.1,10.23,10.1,10.17,7200
2015-12-29,10.19,10.27,10.17,10.22,11000
2015-12-30,10.19,10.3,10.19,10.3,4700
2015-12-31,10.29,10.29,10.22,10.27,2400
2016-01-04,10.34,10.4,10.22,10.34,11600
2016-01-05,10.28,10.55,10.27,10.52,11800
2016-01-06,10.49,10.55,10.49,10.53,3200
2016-01-07,10.55,10.61,10.52,10.55,7100
2016-01-08,10.51,10.72,10.51,10.72,9200
2016-01-11,10.71,10.78,10.5,10.5,12400
2016-01-12,10.46,10.75,10.31,10.33,22500
2016-01-13,10.31,10.33,10.24,10.24,8900
2016-01-14,10.21,10.27,10.19,10.19,11700
2016-01-15,10.23,10.52,10.14,10.44,21400
2016-01-19,10.3,10.46,10.22,10.27,13200
2016-01-20,10.25,10.27,9.99,10.01,20600
2016-01-21,10.04,10.29,10.04,10.16,22800
2016-01-22,10.15,10.35,10.11,10.13,9200
2016-01-25,10.19,10.21,10.03,10.12,9000
2016-01-26,10.17,10.34,10.12,10.16,20900
2016-01-27,10.15,10.33,10.15,10.16,9300
2016-01-28,10.19,10.35,10.19,10.3,11300
2016-01-29,10.26,10.58,10.26,10.42,46600
2016-02-01,10.47,10.54,10.37,10.52,11600
2016-02-02,10.57,10.78,10.44,10.6,16500
2016-02-03,10.66,10.75,10.66,10.75,13100
2016-02-04,10.76,10.76,10.65,10.71,18400
2016-02-05,10.75,10.8,10.7,10.73,6200
2016-02-08,10.73,10.8,10.65,10.68,29200
2016-02-09,10.67,10.75,10.64,10.75,18300
2016-02-10,10.75,10.75,10.6,10.75,11100
2016-02-11,10.75,10.75,10.63,10.63,4900
2016-02-12,10.74,10.74,10.52,10.56,12500
2016-02-16,10.55,10.69,10.47,10.49,14600
2016-02-17,10.49,10.63,10.49,10.56,8000
2016-02-18,10.55,10.64,10.55,10.64,2400
2016-02-19,10.62,10.72,10.59,10.71,4900
2016-02-22,10.78,10.78,10.65,10.68,15400
2016-02-23,10.72,10.73,10.6,10.6,7500
2016-02-24,10.55,10.66,10.45,10.45,13500
2016-02-25,10.53,10.69,10.53,10.69,12200
2016-02-26,10.74,10.74,10.56,10.7,11000
2016-02-29,10.63,10.7,10.58,10.67,7000
2016-03-01,10.75,10.75,10.54,10.63,19700
2016-03-02,10.6,10.67,10.5,10.51,18700
2016-03-03,10.49,10.61,10.49,10.6,6700
2016-03-04,10.53,10.7,10.53,10.65,14400
2016-03-07,10.67,10.69,10.53,10.59,3200
2016-03-08,10.63,10.69,10.51,10.56,16600
2016-03-09,10.59,10.59,10.43,10.47,12000
2016-03-10,10.45,10.6,10.43,10.44,11200
2016-03-11,10.49,10.49,10.23,10.29,67700
2016-03-14,10.32,10.35,10.26,10.31,52800
2016-03-15,10.31,10.42,10.31,10.35,7300
2016-03-16,10.37,10.55,10.37,10.55,13700
2016-03-17,10.54,10.56,10.4,10.55,18100
2016-03-18,10.5,10.61,10.48,10.49,4200
2016-03-21,10.48,10.54,10.42,10.44,6000
2016-03-22,10.43,10.63,10.43,10.45,6700
2016-03-23,10.42,10.57,10.42,10.51,6700
2016-03-24,10.65,10.65,10.53,10.58,2800
2016-03-28,10.61,10.61,10.47,10.53,6300
2016-03-29,10.61,10.61,10.55,10.55,5000
2016-03-30,10.58,10.72,10.56,10.7,13200
2016-03-31,10.67,10.73,10.67,10.72,8200
2016-04-01,10.64,10.72,10.64,10.71,5900
2016-04-04,10.74,10.74,10.6,10.73,22900
2016-04-05,10.72,10.75,10.72,10.75,11000
2016-04-06,10.75,10.88,10.71,10.76,63900
2016-04-07,10.7,10.8,10.67,10.79,12000
2016-04-08,10.81,10.81,10.65,10.8,13900
2016-04-11,10.79,10.86,10.75,10.83,7000
2016-04-12,10.85,10.85,10.66,10.71,18300
2016-04-13,10.72,10.79,10.67,10.77,10400
2016-04-14,10.8,10.8,10.75,10.78,6800
2016-04-15,10.75,10.85,10.75,10.84,3300
2016-04-18,10.81,10.89,10.81,10.88,11000
2016-04-19,10.82,10.89,10.73,10.74,13700
2016-04-20,10.73,10.84,10.69,10.84,34500
2016-04-21,10.86,10.95,10.73,10.94,12000
2016-04-22,10.93,10.93,10.82,10.86,7000
2016-04-25,10.84,10.84,10.75,10.79,26400
2016-04-26,10.76,10.85,10.76,10.85,23000
2016-04-27,10.83,10.95,10.8,10.88,10700
2016-04-28,10.85,10.95,10.8,10.8,12500
2016-04-29,10.8,10.96,10.8,10.88,4900
2016-05-02,10.91,11.03,10.88,11.0,25500
2016-05-03,10.95,11.0,10.86,10.99,14800
2016-05-04,10.96,11.02,10.94,10.99,16900
2016-05-05,10.96,11.08,10.95,10.97,21900
2016-05-06,10.92,11.06,10.92,11.01,17400
2016-05-09,10.98,11.29,10.98,11.28,38000
2016-05-10,11.24,11.24,10.86,11.05,53200
2016-05-11,10.98,11.03,10.9,10.92,16900
2016-05-12,10.9,11.0,10.85,10.92,30500
2016-05-13,10.9,11.12,10.9,11.12,9000
2016-05-16,11.05,11.18,10.92,10.92,5200
2016-05-17,11.01,11.01,10.82,10.91,17900
2016-05-18,10.95,11.08,10.87,10.92,37700
2016-05-19,10.86,10.98,10.78,10.88,23500
2016-05-20,10.84,10.92,10.8,10.88,2200
2016-05-23,10.94,10.94,10.82,10.83,24500
2016-05-24,11.02,11.08,10.79,10.8,37500
2016-05-25,10.78,10.97,10.78,10.87,18000
2016-05-26,10.83,11.0,10.8,10.92,16400
2016-05-27,10.96,11.2,10.96,10.98,37200
2016-05-31,10.98,11.07,10.98,11.01,6600
2016-06-01,11.05,11.12,10.99,11.09,11500
2016-06-02,11.05,11.27,11.03,11.21,39100
2016-06-03,11.26,11.26,11.15,11.2,16800
2016-06-06,11.16,11.25,11.09,11.21,20100
2016-06-07,11.26,11.29,11.2,11.29,16000
2016-06-08,11.27,11.31,11.19,11.29,28400
2016-06-09,11.24,11.28,11.13,11.21,22600
2016-06-10,11.16,11.24,11.15,11.18,6100
2016-06-13,11.29,11.29,11.12,11.12,19200
2016-06-14,11.11,11.22,11.11,11.2,11400
2016-06-15,11.14,11.27,11.14,11.25,11300
2016-06-16,11.22,11.99,11.22,11.29,29300
2016-06-17,11.35,11.36,11.25,11.28,14100
2016-06-20,11.34,11.34,11.25,11.27,13900
2016-06-21,11.3,11.34,11.2,11.31,13200
2016-06-22,11.28,11.32,11.19,11.3,13100
2016-06-23,11.35,11.54,11.21,11.42,24500
2016-06-24,11.31,11.41,11.2,11.34,17300
2016-06-27,11.37,11.74,11.37,11.52,26600
2016-06-28,11.6,12.18,11.54,11.62,13800
2016-06-29,11.7,11.84,11.46,11.46,7000
2016-06-30,11.52,11.77,11.49,11.56,21500
2016-07-01,11.63,11.9,11.63,11.67,24000
2016-07-05,11.6,11.77,11.55,11.65,32600
2016-07-06,11.61,12.29,11.61,11.73,6100
2016-07-07,11.58,11.8,11.58,11.65,12700
2016-07-08,11.65,12.19,11.65,12.08,22800
2016-07-11,11.92,11.92,11.75,11.83,24600
2016-07-12,11.76,11.76,11.46,11.46,18500
2016-07-13,11.48,11.57,11.42,11.53,10800
2016-07-14,11.54,11.54,11.24,11.24,20600
2016-07-15,11.16,11.57,11.16,11.33,12900
2016-07-18,11.41,11.66,11.4,11.57,23200
2016-07-19,11.48,11.65,11.48,11.65,8300
2016-07-20,11.64,11.76,11.6,11.7,10600
2016-07-21,11.67,11.77,11.67,11.71,2300
2016-07-22,11.66,11.86,11.61,11.8,38800
2016-07-25,11.71,11.84,11.56,11.66,25700
2016-07-26,11.58,11.73,11.51,11.59,7500
2016-07-27,11.66,11.73,11.41,11.5,28000
2016-07-28,11.43,11.58,11.43,11.5,20000
2016-07-29,11.43,11.62,11.43,11.52,11400
2016-08-01,11.45,11.59,11.45,11.52,15900
2016-08-02,11.49,11.55,11.36,11.5,24900
2016-08-03,11.43,11.67,11.41,11.6,13500
2016-08-04,11.55,11.69,11.53,11.53,2000
2016-08-05,11.48,11.58,11.47,11.58,8000
2016-08-08,11.52,11.65,11.51,11.55,13200
2016-08-09,11.46,11.54,11.46,11.53,6200
2016-08-10,11.5,11.52,11.47,11.49,4200
2016-08-11,11.48,11.56,11.45,11.47,8700
2016-08-12,11.46,11.68,11.46,11.51,5900
2016-08-15,11.48,11.52,11.45,11.49,4700
2016-08-16,11.45,11.58,11.44,11.58,12600
2016-08-17,11.54,11.54,11.42,11.44,8500
2016-08-18,11.41,11.54,11.41,11.5,4500
2016-08-19,11.47,11.52,11.41,11.45,4900
2016-08-22,11.46,11.52,11.45,11.46,10400
2016-08-23,11.46,11.5,11.45,11.45,7700
2016-08-24,11.47,11.57,11.45,11.45,13600
2016-08-25,11.46,11.7,11.34,11.34,19100
2016-08-26,11.5,11.52,11.2,11.27,17800
2016-08-29,11.22,11.37,11.22,11.27,21000
2016-08-30,11.38,11.38,11.12,11.15,15200
2016-08-31,11.09,11.22,11.09,11.11,17200
2016-09-01,11.12,11.21,11.06,11.12,14000
2016-09-02,11.11,11.19,11.11,11.17,10600
2016-09-06,11.17,11.24,11.15,11.17,17100
2016-09-07,11.18,11.27,11.18,11.21,7100
2016-09-08,11.16,11.16,11.09,11.16,4100
2016-09-09,11.1,11.1,11.05,11.05,13100
2016-09-12,10.99,11.1,10.99,11.07,12600
2016-09-13,11.12,11.12,10.88,10.88,28700
2016-09-14,10.8,10.91,10.8,10.87,36100
2016-09-15,10.81,10.92,10.81,10.84,8500
2016-09-16,10.8,10.8,10.8,10.8,3100
2016-09-19,10.8,11.02,10.8,10.9,7100
2016-09-20,10.85,10.95,10.85,10.9,5300
2016-09-21,10.91,10.95,10.9,10.91,3300
2016-09-22,10.94,11.02,10.94,11.02,1600
2016-09-23,10.97,11.02,10.97,10.98,8800
2016-09-26,10.98,11.07,10.98,11.0,24300
2016-09-27,11.0,11.03,10.99,11.02,13200
2016-09-28,11.02,11.11,11.02,11.03,4900
2016-09-29,11.04,11.08,11.03,11.03,3200
2016-09-30,11.04,11.05,11.02,11.02,16800
2016-10-03,10.99,11.11,10.99,11.03,8600
2016-10-04,11.04,11.05,10.97,11.03,20300
2016-10-05,11.02,11.02,10.86,10.86,12200
2016-10-06,10.87,10.87,10.81,10.82,4700
2016-10-07,10.8,10.85,10.79,10.8,3100
2016-10-10,10.8,10.81,10.77,10.77,1600
2016-10-11,10.75,10.8,10.53,10.66,4300
2016-10-12,10.7,10.7,10.49,10.53,25200
2016-10-13,10.51,10.51,10.41,10.45,9200
2016-10-14,10.46,10.46,10.33,10.44,26700
2016-10-17,10.44,10.5,10.15,10.3,34200
2016-10-18,10.29,10.4,10.17,10.36,11800
2016-10-19,10.37,10.49,10.36,10.41,6700
2016-10-20,10.47,10.76,10.47,10.61,22800
2016-10-21,10.58,10.65,10.55,10.57,9000
2016-10-24,10.56,10.73,10.45,10.73,15900
2016-10-25,10.65,10.68,10.42,10.57,19900
2016-10-26,10.53,10.64,10.53,10.59,2000
2016-10-27,10.58,10.7,10.39,10.46,4200
2016-10-28,10.39,10.51,10.36,10.38,13900
2016-10-31,10.36,10.38,10.26,10.29,15300
2016-11-01,10.21,10.23,10.15,10.23,9400
2016-11-02,10.2,10.31,10.2,10.23,13400
2016-11-03,10.21,10.46,10.17,10.33,34500
2016-11-04,10.3,10.32,10.26,10.29,8100
2016-11-07,10.37,10.59,10.16,10.33,19400
2016-11-08,10.28,10.33,10.23,10.3,9300
2016-11-09,10.2,10.25,10.09,10.24,28000
2016-11-10,10.24,10.34,10.1,10.19,38500
2016-11-11,10.18,10.25,10.03,10.13,43400
2016-11-14,10.02,10.04,9.36,9.4,82600
2016-11-15,9.26,9.61,9.26,9.54,35800
2016-11-16,9.6,9.73,9.57,9.66,24700
2016-11-17,9.67,9.72,9.43,9.54,17900
2016-11-18,9.61,9.61,9.53,9.59,11700
2016-11-21,9.65,9.72,9.64,9.72,11300
2016-11-22,9.77,9.81,9.66,9.74,17000
2016-11-23,9.73,9.73,9.6,9.68,11300
2016-11-25,9.76,9.8,9.72,9.77,9500
2016-11-28,9.84,9.84,9.74,9.83,6400
2016-11-29,9.85,9.86,9.7,9.74,10600
2016-11-30,9.78,9.78,9.63,9.65,16200
2016-12-01,9.69,9.74,9.6,9.6,9900
2016-12-02,9.63,9.74,9.6,9.6,25000
2016-12-05,9.7,9.7,9.57,9.6,11400
2016-12-06,9.7,9.8,9.61,9.67,22000
2016-12-07,9.69,10.05,9.68,10.01,24800
2016-12-08,9.91,10.02,9.91,9.93,34600
2016-12-09,9.95,10.04,9.84,9.86,23100
2016-12-12,9.86,9.86,9.71,9.74,9300
2016-12-13,9.75,10.02,9.69,9.78,40400
2016-12-14,9.78,10.13,9.78,9.91,39400
2016-12-15,9.9,9.9,9.79,9.83,29200
2016-12-16,9.89,9.92,9.84,9.92,8900
2016-12-19,9.96,9.97,9.91,9.97,9900
2016-12-20,9.9,10.0,9.9,9.98,21300
2016-12-21,10.0,10.04,9.96,10.04,16200
2016-12-22,10.09,10.09,9.98,10.01,5400
2016-12-23,10.07,10.08,10.0,10.05,6800
2016-12-27,10.12,10.16,9.94,9.94,11500
2016-12-28,10.01,10.09,9.97,10.01,13700
2016-12-29,10.08,10.08,9.86,10.01,15600
2016-12-30,9.85,10.05,9.85,10.02,10600
2017-01-03,10.09,10.59,10.0,10.57,28100
2017-01-04,10.64,10.64,10.43,10.52,28500
2017-01-05,10.6,10.6,10.42,10.46,5200
2017-01-06,10.55,10.55,10.36,10.41,11700
2017-01-09,10.39,10.59,10.26,10.48,25500
2017-01-10,10.54,11.0,10.54,10.88,14100
2017-01-11,10.84,10.99,10.62,10.9,9400
2017-01-12,10.97,11.07,10.82,10.94,10700
2017-01-13,10.89,10.89,10.67,10.73,12600
2017-01-17,10.76,10.82,10.63,10.72,10300
2017-01-18,10.78,10.81,10.69,10.69,7100
2017-01-19,10.76,10.76,10.46,10.69,7200
2017-01-20,10.62,10.65,10.58,10.62,3800
2017-01-23,10.56,10.74,10.56,10.66,5000
2017-01-24,10.73,10.8,10.6,10.69,9600
2017-01-25,10.74,10.74,10.6,10.62,7900
2017-01-26,10.69,10.7,10.6,10.69,3100
2017-01-27,10.75,10.8,10.74,10.74,2400
2017-01-30,10.83,10.87,10.76,10.76,6800
2017-01-31,10.68,10.88,10.68,10.82,3600
2017-02-01,10.79,10.84,10.77,10.79,11200
2017-02-02,10.02,10.42,9.99,10.4,132400
2017-02-03,10.4,10.67,10.4,10.51,24900
2017-02-06,10.48,10.51,10.43,10.48,16700
2017-02-07,10.46,10.55,10.46,10.5,9400
2017-02-08,10.46,10.52,10.46,10.48,1600
2017-02-09,10.49,10.81,10.39,10.81,15100
2017-02-10,10.73,10.73,10.56,10.56,32300
2017-02-13,10.43,10.48,10.2,10.22,21600
2017-02-14,10.28,10.36,10.11,10.16,50900
2017-02-15,10.11,10.19,10.03,10.03,12700
2017-02-16,10.04,10.06,9.9,9.99,46100
2017-02-17,10.06,10.08,9.99,10.0,25700
2017-02-21,9.98,10.08,9.98,10.0,8300
2017-02-22,9.97,10.05,9.97,9.98,7700
2017-02-23,9.97,9.98,9.96,9.97,7700
2017-02-24,10.0,10.04,9.9,9.91,13400
2017-02-27,9.98,9.98,9.84,9.91,15300
2017-02-28,9.85,9.91,9.85,9.9,2900
2017-03-01,9.88,9.9,9.87,9.88,3600
2017-03-02,9.93,9.93,9.81,9.82,6200
2017-03-03,9.89,9.89,9.74,9.76,12100
2017-03-06,9.75,9.78,9.73,9.73,2200
2017-03-07,9.73,9.75,9.73,9.75,900
2017-03-08,9.71,9.76,9.61,9.61,17500
2017-03-09,9.55,9.59,9.37,9.42,22500
2017-03-10,9.47,9.47,9.33,9.37,13500
2017-03-13,9.32,9.44,9.32,9.44,22400
2017-03-14,9.42,9.42,9.31,9.32,12400
2017-03-15,9.31,9.44,9.31,9.42,27100
2017-03-16,9.46,9.46,9.4,9.43,7900
2017-03-17,9.47,9.47,9.29,9.33,20500
2017-03-20,9.33,9.56,9.33,9.46,6700
2017-03-21,9.5,9.5,9.4,9.46,7400
2017-03-22,9.48,9.5,9.44,9.44,9200
2017-03-23,9.5,9.5,9.48,9.49,4300
2017-03-24,9.55,9.57,9.42,9.55,13100
2017-03-27,9.45,9.59,9.45,9.58,3300
2017-03-28,9.62,9.62,9.52,9.54,8100
2017-03-29,9.61,9.62,9.58,9.62,4900
2017-03-30,9.69,9.69,9.65,9.66,4700
2017-03-31,9.57,9.7,9.57,9.65,3300
2017-04-03,9.68,9.71,9.68,9.7,6500
2017-04-04,9.63,9.7,9.63,9.68,5600
2017-04-05,9.69,9.69,9.66,9.66,1400
2017-04-06,9.67,9.7,9.67,9.69,2200
2017-04-07,9.66,9.76,9.66,9.72,10400
2017-04-10,9.79,10.0,9.72,9.85,7700
2017-04-11,9.89,9.89,9.83,9.89,900
2017-04-12,9.9,9.9,9.77,9.77,9100
2017-04-13,9.84,9.84,9.77,9.77,9400
2017-04-17,9.79,9.81,9.75,9.75,6600
2017-04-18,9.74,9.76,9.68,9.76,7100
2017-04-19,9.77,9.84,9.77,9.83,10300
2017-04-20,9.85,9.85,9.69,9.7,13000
2017-04-21,9.74,9.77,9.69,9.74,9400
2017-04-24,9.83,9.83,9.78,9.79,4500
2017-04-25,9.73,9.74,9.73,9.74,300
2017-04-26,9.71,9.76,9.71,9.72,1500
2017-04-27,9.8,9.8,9.71,9.78,4900
2017-04-28,9.7,9.79,9.7,9.79,2500
2017-05-01,9.84,10.04,9.84,9.91,24900
2017-05-02,9.96,9.96,9.9,9.93,3700
2017-05-03,9.85,9.98,9.85,9.98,3200
2017-05-04,9.91,10.02,9.91,10.02,12300
2017-05-05,9.98,9.98,9.85,9.95,7500
2017-05-08,9.9,9.9,9.82,9.84,8300
2017-05-09,9.81,9.81,9.76,9.76,5600
2017-05-10,9.69,9.8,9.69,9.78,4200
2017-05-11,9.83,9.83,9.71,9.71,16200
2017-05-12,9.76,9.97,9.74,9.85,27700
2017-05-15,9.91,9.94,9.89,9.92,5200
2017-05-16,9.89,9.89,9.82,9.86,8900
2017-05-17,9.91,9.91,9.84,9.88,4400
2017-05-18,9.79,10.0,9.79,9.98,7400
2017-05-19,9.97,10.0,9.97,9.98,7800
2017-05-22,10.0,10.0,9.65,9.82,25200
2017-05-23,9.91,9.92,9.86,9.9,2500
2017-05-24,10.0,10.0,9.82,9.82,13800
2017-05-25,9.76,9.87,9.76,9.82,3000
2017-05-26,9.82,9.82,9.7,9.73,15900
2017-05-30,9.8,9.8,9.72,9.73,6200
2017-05-31,9.65,9.73,9.65,9.66,25200
2017-06-01,9.74,9.76,9.66,9.71,10100
2017-06-02,9.73,9.78,9.7,9.76,9300
2017-06-05,9.69,9.76,9.69,9.74,4200
2017-06-06,9.78,9.83,9.77,9.77,25100
2017-06-07,9.83,9.83,9.79,9.8,6700
2017-06-08,9.7,9.83,9.7,9.81,8900
2017-06-09,9.81,9.81,9.78,9.81,5700
2017-06-12,9.9,9.9,9.79,9.79,3200
2017-06-13,9.71,9.8,9.71,9.79,7600
2017-06-14,9.88,9.88,9.82,9.84,13500
2017-06-15,9.77,9.82,9.74,9.8,5500
2017-06-16,9.83,9.88,9.8,9.88,15000
2017-06-19,9.96,9.96,9.8,9.8,17800
2017-06-20,9.8,9.88,9.78,9.86,7000
2017-06-21,9.81,9.87,9.81,9.87,5100
2017-06-22,9.9,9.9,9.81,9.82,6500
2017-06-23,9.81,9.85,9.77,9.85,8000
2017-06-26,9.8,9.87,9.79,9.8,19100
2017-06-27,9.87,9.88,9.81,9.85,17100
2017-06-28,9.9,9.9,9.81,9.85,10600
2017-06-29,9.9,9.9,9.74,9.76,5400
2017-06-30,9.75,9.81,9.75,9.81,16200
2017-07-03,9.78,9.84,9.78,9.84,4400
2017-07-05,9.9,9.9,9.74,9.76,12100
2017-07-06,9.9,9.9,9.71,9.71,8500
2017-07-07,9.83,9.83,9.7,9.7,7300
2017-07-10,9.9,9.9,9.71,9.72,7700
2017-07-11,9.73,9.75,9.73,9.74,1800
2017-07-12,9.7,9.78,9.7,9.77,3100
2017-07-13,9.69,9.74,9.62,9.73,21800
2017-07-14,9.68,9.77,9.68,9.77,6300
2017-07-17,9.79,9.79,9.74,9.74,26800
2017-07-18,9.74,9.75,9.68,9.75,15900
2017-07-19,9.75,9.75,9.74,9.75,24700
2017-07-20,9.75,9.8,9.75,9.8,14000
2017-07-21,9.82,9.82,9.78,9.81,5000
2017-07-24,9.84,9.84,9.77,9.78,16100
2017-07-25,9.71,9.88,9.71,9.86,10700
2017-07-26,9.86,9.9,9.85,9.86,20600
2017-07-27,9.88,9.9,9.84,9.86,5000
2017-07-28,9.87,9.9,9.87,9.9,10600
2017-07-31,9.89,9.95,9.89,9.95,12500
2017-08-01,9.92,10.01,9.92,10.01,28200
2017-08-02,10.05,10.05,9.92,9.99,3400
2017-08-03,9.91,10.01,9.9,10.0,7200
2017-08-04,10.05,10.05,9.95,9.97,9000
2017-08-07,10.0,10.0,9.97,9.97,1200
2017-08-08,9.96,10.0,9.95,9.98,4800
2017-08-09,9.85,9.92,9.85,9.91,6400
2017-08-10,10.0,10.0,9.81,9.85,15500
2017-08-11,9.99,9.99,9.77,9.79,7100
2017-08-14,9.88,9.88,9.76,9.76,9700
2017-08-15,9.84,9.84,9.75,9.77,7300
2017-08-16,9.81,9.82,9.77,9.82,12600
2017-08-17,9.82,9.84,9.77,9.79,6600
2017-08-18,9.82,9.86,9.8,9.86,15200
2017-08-21,9.87,9.88,9.8,9.82,2900
2017-08-22,9.79,9.92,9.79,9.86,8700
2017-08-23,9.86,9.88,9.86,9.86,4600
2017-08-24,9.85,9.91,9.84,9.84,6100
2017-08-25,9.77,9.85,9.77,9.83,12700
2017-08-28,9.86,9.9,9.83,9.88,9100
2017-08-29,9.97,9.97,9.89,9.93,6200
2017-08-30,9.85,9.99,9.85,9.98,12700
2017-08-31,10.0,10.0,9.87,9.97,23800
2017-09-01,9.99,9.99,9.95,9.98,6300
2017-09-05,9.99,9.99,9.88,9.9,16200
2017-09-06,9.98,9.98,9.91,9.96,3900
2017-09-07,9.96,9.99,9.96,9.99,12500
2017-09-08,9.95,10.0,9.95,9.97,11400
2017-09-11,10.0,10.0,9.96,9.98,8200
2017-09-12,10.0,10.0,9.96,9.97,7300
2017-09-13,10.0,10.2,9.98,10.1,24500
2017-09-14,10.02,10.06,9.96,9.97,17200
2017-09-15,9.96,10.19,9.95,10.15,14600
2017-09-18,10.07,10.2,10.05,10.12,4300
2017-09-19,10.1,10.26,9.9,10.05,6200
2017-09-20,10.01,10.19,10.01,10.12,8000
2017-09-21,10.04,10.16,10.03,10.03,18300
2017-09-22,10.19,10.27,10.05,10.1,16700
2017-09-25,10.05,10.1,10.03,10.06,5200
2017-09-26,10.13,10.25,9.91,9.96,35700
2017-09-27,10.14,10.14,9.91,9.98,23500
2017-09-28,10.07,10.07,9.92,9.97,12000
2017-09-29,10.04,10.04,9.98,9.98,3500
2017-10-02,10.0,10.0,9.81,9.92,18100
2017-10-03,10.0,10.23,9.89,9.96,53000
2017-10-04,10.0,10.0,9.94,9.95,7100
2017-10-05,9.9,10.0,9.9,10.0,8300
2017-10-06,10.06,10.06,9.91,9.99,3100
2017-10-09,10.06,10.06,9.94,9.96,7200
2017-10-10,9.99,10.04,9.84,10.0,25900
2017-10-11,10.13,10.23,9.98,9.98,5000
2017-10-12,10.1,10.13,9.8,9.8,5000
2017-10-13,9.99,10.1,9.98,10.02,4000
2017-10-16,10.09,10.09,9.99,10.0,3500
2017-10-17,10.08,10.08,9.99,10.05,12100
2017-10-18,10.0,10.01,9.99,10.01,2100
2017-10-19,10.03,10.14,10.03,10.14,6800
2017-10-20,10.16,10.17,9.92,10.14,18900
2017-10-23,10.17,10.18,10.11,10.11,7000
2017-10-24,10.18,10.18,10.09,10.09,2600
2017-10-25,10.19,10.19,10.02,10.02,19200
2017-10-26,10.1,10.12,9.93,9.93,13000
2017-10-27,10.02,10.04,9.99,9.99,1400
2017-10-30,10.05,10.05,9.94,9.97,1100
2017-10-31,10.08,10.08,9.9,9.98,11800
2017-11-01,9.95,9.99,9.93,9.96,5200
2017-11-02,10.04,10.04,9.97,9.99,7500
2017-11-03,10.01,10.01,9.9,9.97,10400
2017-11-06,10.02,10.02,9.92,9.92,7800
2017-11-07,9.94,10.03,9.86,9.93,12700
2017-11-08,9.88,10.02,9.88,9.93,5200
2017-11-09,10.0,10.06,9.94,9.94,2700
2017-11-10,9.96,10.05,9.92,9.93,22100
2017-11-13,9.98,10.02,9.88,9.9,10100
2017-11-14,9.93,9.93,9.85,9.85,12500
2017-11-15,9.95,10.07,9.86,9.89,17300
2017-11-16,9.98,9.99,9.89,9.89,7200
2017-11-17,9.9,9.9,9.85,9.85,4200
2017-11-20,9.87,9.89,9.75,9.75,9000
2017-11-21,9.85,9.85,9.72,9.72,10900
2017-11-22,9.83,9.83,9.7,9.7,12200
2017-11-24,9.74,9.74,9.68,9.68,4300
2017-11-27,9.76,9.76,9.66,9.69,5400
2017-11-28,9.73,9.91,9.72,9.91,19000
2017-11-29,9.9,9.9,9.77,9.88,12500
2017-11-30,9.96,9.96,9.82,9.84,2000
2017-12-01,9.92,9.92,9.79,9.79,9700
2017-12-04,9.78,9.84,9.73,9.84,17400
2017-12-05,9.91,9.91,9.87,9.9,3100
2017-12-06,9.97,10.0,9.88,10.0,2600
2017-12-07,10.08,10.13,10.02,10.08,5900
2017-12-08,10.13,10.13,9.95,9.95,3100
2017-12-11,9.97,10.04,9.97,10.0,5000
2017-12-12,9.96,10.01,9.9,9.91,6600
2017-12-13,9.9,10.06,9.9,9.91,3800
2017-12-14,10.0,10.0,9.9,9.9,4100
2017-12-15,10.0,10.0,9.93,9.99,8200
2017-12-18,9.99,10.07,9.94,9.96,4200
2017-12-19,9.92,9.94,9.87,9.92,16700
2017-12-20,9.93,9.93,9.8,9.9,8400
2017-12-21,9.92,10.0,9.89,9.94,38200
2017-12-22,10.03,10.03,9.91,9.91,3100
2017-12-26,10.09,10.09,9.84,9.95,24200
2017-12-27,9.98,10.02,9.92,9.93,15800
2017-12-28,9.88,9.93,9.88,9.9,3200
2017-12-29,9.83,9.94,9.83,9.92,11200
2018-01-02,9.97,10.0,9.89,9.9,15100
2018-01-03,9.98,10.02,9.91,10.0,10900
2018-01-04,10.02,10.02,9.95,9.95,4000
2018-01-05,9.95,9.97,9.93,9.95,1600
2018-01-08,9.95,10.01,9.95,9.95,14000
2018-01-09,10.08,10.08,9.95,10.02,4800
2018-01-10,10.02,10.17,9.95,9.96,5100
2018-01-11,10.12,10.12,9.9,9.96,2400
2018-01-12,10.01,10.07,9.82,9.92,5300
2018-01-16,9.96,10.03,9.82,9.82,9000
2018-01-17,9.8,9.93,9.8,9.81,9100
2018-01-18,9.89,9.94,9.77,9.77,5200
2018-01-19,9.86,9.86,9.77,9.77,8600
2018-01-22,9.83,9.83,9.74,9.75,2900
2018-01-23,9.76,9.8,9.73,9.73,10800
2018-01-24,9.8,9.8,9.73,9.74,4600
2018-01-25,9.74,9.75,9.67,9.68,5500
2018-01-26,9.68,9.7,9.58,9.63,8500
2018-01-29,9.69,9.69,9.36,9.38,42600
2018-01-30,9.39,9.39,9.29,9.35,33900
2018-01-31,9.37,9.37,9.01,9.37,24800
2018-02-01,9.35,9.42,9.18,9.2,45300
2018-02-02,9.2,9.25,9.11,9.17,31900
2018-02-05,9.1,9.11,8.94,9.07,59300
2018-02-06,9.0,9.1,8.92,9.06,25200
2018-02-07,9.06,9.18,9.06,9.16,3200
2018-02-08,9.2,9.2,9.05,9.09,9900
2018-02-09,9.08,9.08,8.94,9.02,3600
2018-02-12,9.09,9.09,8.94,9.04,5100
2018-02-13,8.97,9.08,8.97,9.04,7300
2018-02-14,9.09,9.09,9.01,9.08,2700
2018-02-15,9.01,9.06,8.93,9.05,11200
2018-02-16,9.07,9.07,8.98,8.98,3500
2018-02-20,8.94,8.95,8.75,8.86,53000
2018-02-21,8.91,8.91,8.77,8.89,29100
2018-02-22,8.95,8.95,8.85,8.9,18100
2018-02-23,8.9,8.94,8.9,8.91,13300
2018-02-26,8.99,8.99,8.9,8.96,16900
2018-02-27,9.02,9.02,8.94,8.94,5500
2018-02-28,9.01,9.01,9.01,9.01,300
2018-03-01,8.99,8.99,8.96,8.96,3700
2018-03-02,8.98,8.98,8.93,8.93,23400
2018-03-05,8.97,8.97,8.92,8.97,22300
2018-03-06,8.92,8.98,8.92,8.96,5000
2018-03-07,9.04,9.04,8.95,8.99,8400
2018-03-08,8.99,9.0,8.95,8.96,16800
2018-03-09,8.89,8.97,8.85,8.97,39500
2018-03-12,8.87,8.94,8.85,8.9,18300
2018-03-13,8.89,8.89,8.85,8.85,11800
2018-03-14,8.85,8.88,8.81,8.81,16600
2018-03-15,8.82,8.82,8.72,8.75,22500
2018-03-16,8.74,8.74,8.69,8.71,34400
2018-03-19,8.76,8.76,8.64,8.64,19800
2018-03-20,8.64,8.69,8.62,8.64,9400
2018-03-21,8.62,8.62,8.58,8.6,12900
2018-03-22,8.55,8.65,8.55,8.65,24600
2018-03-23,8.66,8.67,8.63,8.66,22500
2018-03-26,8.64,8.67,8.6,8.66,13400
2018-03-27,8.66,8.72,8.66,8.72,11900
2018-03-28,8.74,8.74,8.7,8.7,32500
2018-03-29,8.73,8.74,8.73,8.73,2700
2018-04-02,8.73,8.75,8.7,8.72,9200
2018-04-03,8.7,8.78,8.7,8.77,18700
2018-04-04,8.77,8.79,8.74,8.79,16000
2018-04-05,8.72,8.79,8.72,8.77,17400
2018-04-06,8.8,8.85,8.8,8.83,15600
2018-04-09,8.85,8.9,8.81,8.83,5800
2018-04-10,8.81,8.81,8.76,8.76,26500
2018-04-11,8.78,8.8,8.67,8.72,25000
2018-04-12,8.75,8.75,8.68,8.69,4600
2018-04-13,8.65,8.68,8.65,8.68,4500
2018-04-16,8.67,8.67,8.63,8.64,5600
2018-04-17,8.62,8.68,8.62,8.65,7400
2018-04-18,8.61,8.79,8.61,8.63,9000
2018-04-19,8.61,8.69,8.61,8.64,8100
2018-04-20,8.7,8.7,8.58,8.58,8900
2018-04-23,8.59,8.64,8.59,8.6,16100
2018-04-24,8.67,8.67,8.61,8.61,12100
2018-04-25,8.68,8.68,8.58,8.58,31500
2018-04-26,8.69,8.69,8.58,8.59,22900
2018-04-27,8.61,8.83,8.61,8.69,68100
2018-04-30,8.7,8.7,8.64,8.65,13400
2018-05-01,8.61,8.68,8.61,8.62,28000
2018-05-02,8.63,8.68,8.62,8.67,9300
2018-05-03,8.66,8.72,8.65,8.65,11100
2018-05-04,8.74,8.74,8.67,8.69,13800
2018-05-07,8.74,8.74,8.66,8.67,6600
2018-05-08,8.73,8.74,8.7,8.7,3900
2018-05-09,8.78,8.78,8.69,8.7,29500
2018-05-10,8.73,8.74,8.71,8.71,8800
2018-05-11,8.76,8.76,8.66,8.71,15500
2018-05-14,8.74,8.74,8.66,8.68,14000
2018-05-15,8.72,8.72,8.62,8.62,13800
2018-05-16,8.67,8.67,8.52,8.53,45500
2018-05-17,8.57,8.57,8.53,8.53,1600
2018-05-18,8.63,8.63,8.55,8.58,1800
2018-05-21,8.55,8.57,8.5,8.54,13900
2018-05-22,8.63,8.63,8.52,8.53,35800
2018-05-23,8.66,8.66,8.61,8.63,9800
2018-05-24,8.63,8.7,8.59,8.65,17300
2018-05-25,8.66,8.67,8.66,8.67,1300
2018-05-29,8.73,8.81,8.7,8.81,16500
2018-05-30,8.84,8.86,8.76,8.86,21200
2018-05-31,8.9,8.95,8.87,8.93,8100
2018-06-01,8.94,8.94,8.8,8.82,10300
2018-06-04,8.83,8.9,8.83,8.87,3700
2018-06-05,8.9,9.04,8.88,9.0,18100
2018-06-06,9.0,9.01,8.96,8.99,19300
2018-06-07,9.03,9.03,8.97,8.98,8100
2018-06-08,8.96,8.98,8.92,8.92,7100
2018-06-11,8.97,8.97,8.91,8.91,6000
2018-06-12,8.99,9.01,8.84,8.87,15600
2018-06-13,8.91,8.95,8.88,8.9,9100
2018-06-14,8.97,9.0,8.91,8.93,9200
2018-06-15,8.95,8.96,8.82,8.84,10100
2018-06-18,8.92,8.92,8.84,8.85,8500
2018-06-19,8.89,8.94,8.88,8.93,1700
2018-06-20,8.99,8.99,8.87,8.97,8400
2018-06-21,8.97,8.99,8.86,8.99,4800
2018-06-22,9.02,9.06,8.87,9.06,6500
2018-06-25,8.98,9.08,8.98,9.05,7900
2018-06-26,9.03,9.09,8.99,9.07,15400
2018-06-27,9.11,9.14,9.07,9.11,13200
2018-06-28,9.11,9.12,9.07,9.07,5500
2018-06-29,9.13,9.14,9.1,9.13,3700
2018-07-02,9.19,9.19,9.09,9.12,4700
2018-07-03,9.23,9.24,9.03,9.15,8000
2018-07-05,9.2,9.26,9.17,9.17,7800
2018-07-06,9.21,9.27,9.21,9.26,5900
2018-07-09,9.27,9.27,9.08,9.13,24600
2018-07-10,9.14,9.2,9.13,9.19,7200
2018-07-11,9.21,9.28,9.17,9.28,3000
2018-07-12,9.28,9.28,9.18,9.21,9300
2018-07-13,9.24,9.25,9.18,9.22,60700
2018-07-16,9.3,9.31,9.22,9.3,53700
2018-07-17,9.35,9.37,9.32,9.35,15700
2018-07-18,9.4,9.4,9.15,9.2,47100
2018-07-19,9.37,9.37,9.22,9.35,11500
2018-07-20,9.35,9.37,9.29,9.37,5800
2018-07-23,9.49,9.49,9.35,9.4,12400
2018-07-24,9.4,9.45,9.37,9.45,7100
2018-07-25,9.36,9.44,9.36,9.43,4000
2018-07-26,9.48,9.48,9.27,9.31,11000
2018-07-27,9.3,9.44,9.3,9.38,4300
2018-07-30,9.43,9.45,9.34,9.45,4600
2018-07-31,9.47,9.47,9.36,9.41,4500
2018-08-01,9.36,9.44,9.28,9.44,10000
2018-08-02,9.56,9.56,9.43,9.49,14700
2018-08-03,9.53,9.61,9.45,9.56,8100
2018-08-06,9.6,9.6,9.51,9.53,11300
2018-08-07,9.6,9.6,9.47,9.6,10800
2018-08-08,9.72,9.95,9.72,9.94,13700
2018-08-09,9.95,10.01,9.53,9.53,13800
2018-08-10,9.55,9.62,9.53,9.55,8800
2018-08-13,9.63,9.63,9.45,9.51,5000
2018-08-14,9.6,9.6,9.47,9.5,1700
2018-08-15,9.53,9.54,9.52,9.54,4600
2018-08-16,9.48,9.52,9.48,9.5,1600
2018-08-17,9.51,9.57,9.49,9.56,9300
2018-08-20,9.5,9.69,9.5,9.6,5100
2018-08-21,9.59,9.65,9.59,9.59,9800
2018-08-22,9.65,9.66,9.6,9.6,1600
2018-08-23,9.52,9.6,9.36,9.38,25400
2018-08-24,9.5,9.5,9.42,9.47,8300
2018-08-27,9.53,9.53,9.51,9.51,3800
2018-08-28,9.43,9.53,9.39,9.43,5700
2018-08-29,9.46,9.49,9.46,9.49,4300
2018-08-30,9.48,9.58,9.45,9.57,16500
2018-08-31,9.58,9.64,9.57,9.64,12500
2018-09-04,9.7,9.74,9.62,9.72,24100
2018-09-05,9.74,9.83,9.58,9.83,9400
2018-09-06,9.89,9.98,9.88,9.96,6600
2018-09-07,9.85,10.25,9.84,10.07,14300
2018-09-10,10.14,10.16,10.06,10.08,3600
2018-09-11,10.0,10.05,9.97,9.99,4400
2018-09-12,10.08,10.12,10.0,10.1,19100
2018-09-13,10.01,10.05,9.84,10.04,16800
2018-09-14,10.0,10.0,9.87,9.94,5800
2018-09-17,9.89,9.9,9.81,9.82,8600
2018-09-18,9.79,9.79,9.72,9.72,3800
2018-09-19,9.91,9.91,9.63,9.63,15600
2018-09-20,9.58,9.68,9.57,9.57,2800
2018-09-21,9.54,9.58,9.5,9.55,5200
2018-09-24,9.63,9.65,9.48,9.54,13200
2018-09-25,9.47,9.5,9.47,9.5,4600
2018-09-26,9.6,9.6,9.45,9.48,10600
2018-09-27,9.41,9.45,9.4,9.4,8500
2018-09-28,9.41,9.44,9.41,9.44,3100
2018-10-01,9.55,9.76,9.44,9.45,7200
2018-10-02,9.46,9.8,9.46,9.49,900
2018-10-03,9.46,9.51,9.38,9.43,6300
2018-10-04,9.34,9.4,9.03,9.2,23400
2018-10-05,9.15,9.19,9.1,9.1,6600
2018-10-08,9.1,9.15,9.05,9.08,1800
2018-10-09,8.94,9.05,8.94,9.04,4200
2018-10-10,8.96,9.0,8.96,9.0,500
2018-10-11,9.08,9.08,8.85,8.91,15400
2018-10-12,9.21,9.21,8.89,8.9,5600
2018-10-15,9.09,9.09,8.98,8.99,9300
2018-10-16,8.99,9.08,8.99,9.0,1200
2018-10-17,8.88,9.13,8.86,9.0,9800
2018-10-18,8.99,9.15,8.83,9.14,3900
2018-10-19,9.17,9.17,9.02,9.02,600
2018-10-22,9.02,9.02,8.82,8.82,900
2018-10-23,8.8,8.82,8.72,8.78,10400
2018-10-24,8.75,8.78,8.71,8.71,20100
2018-10-25,8.71,8.81,8.62,8.68,13000
2018-10-26,8.61,8.76,8.61,8.65,8000
2018-10-29,8.6,9.0,8.26,8.9,51700
2018-10-30,8.81,8.81,8.59,8.68,11800
2018-10-31,8.7,8.76,8.5,8.65,6700
2018-11-01,8.59,8.78,8.56,8.58,10700
2018-11-02,8.49,8.6,8.47,8.47,10300
2018-11-05,8.56,8.62,8.46,8.56,5900
2018-11-06,8.56,8.6,8.52,8.57,9400
2018-11-07,8.61,8.64,8.6,8.6,14400
2018-11-08,8.63,8.63,8.57,8.63,4700
2018-11-09,8.62,8.7,8.57,8.66,11100
2018-11-12,8.66,8.7,8.6,8.61,8200
2018-11-13,8.75,8.75,8.51,8.52,27300
2018-11-14,8.55,8.59,8.4,8.4,21300
2018-11-15,8.4,8.49,8.39,8.42,21600
2018-11-16,8.42,8.5,8.4,8.4,9800
2018-11-19,8.4,8.49,8.39,8.47,8100
2018-11-20,8.49,8.5,8.46,8.5,800
2018-11-21,8.48,8.53,8.41,8.47,19000
2018-11-23,8.46,8.6,8.46,8.53,6000
2018-11-26,8.6,8.6,8.37,8.42,22700
2018-11-27,8.37,8.55,8.37,8.5,7800
2018-11-28,8.49,8.68,8.49,8.55,9300
2018-11-29,8.63,8.63,8.55,8.6,7800
2018-11-30,8.55,8.78,8.5,8.62,5900
2018-12-03,8.71,8.79,8.65,8.79,11900
2018-12-04,8.7,8.92,8.7,8.92,5400
2018-12-06,8.97,8.97,8.81,8.83,2200
2018-12-07,8.82,8.85,8.71,8.83,2400
2018-12-10,9.0,9.1,9.0,9.1,32500
2018-12-11,9.1,9.14,8.83,8.93,7400
2018-12-12,9.07,9.12,9.04,9.1,9300
2018-12-13,9.13,9.13,8.79,9.09,7400
2018-12-14,9.11,9.14,8.79,8.79,1600
2018-12-17,9.14,9.14,8.97,8.97,1300
2018-12-18,9.01,9.03,8.84,8.88,4200
2018-12-19,9.02,9.02,8.83,8.95,3600
2018-12-20,8.67,9.01,8.63,8.96,9400
2018-12-21,9.0,9.0,8.53,8.96,12700
2018-12-24,8.98,8.98,8.69,8.88,10800
2018-12-26,8.82,9.05,8.77,9.04,4500
2018-12-27,8.83,9.06,8.64,9.06,14000
2018-12-28,8.8,8.88,8.67,8.7,23900
2018-12-31,8.85,8.85,8.5,8.65,49300
2019-01-02,8.9,9.12,8.8,9.12,41400
2019-01-03,9.18,9.37,9.15,9.37,7000
2019-01-04,9.45,9.45,9.35,9.39,9600
2019-01-07,9.48,9.48,9.08,9.48,22000
2019-01-08,9.59,9.59,9.35,9.53,6500
2019-01-09,9.64,9.64,9.35,9.53,11800
2019-01-10,9.57,9.6,9.53,9.6,3900
2019-01-11,9.59,9.64,9.48,9.48,10700
2019-01-14,9.56,9.61,9.48,9.56,3200
2019-01-15,9.56,9.63,9.48,9.49,2300
2019-01-16,9.5,9.72,9.49,9.65,14200
2019-01-17,9.66,9.68,9.53,9.53,2300
2019-01-18,9.57,9.68,9.51,9.51,2600
2019-01-22,9.62,9.65,9.59,9.62,4300
2019-01-23,9.74,9.74,9.6,9.6,3600
2019-01-24,9.74,9.74,9.53,9.63,3500
2019-01-25,9.6,9.7,9.6,9.68,2400
2019-01-28,9.66,9.71,9.57,9.57,7400
2019-01-29,9.41,9.45,9.41,9.45,1800
2019-01-30,9.61,9.63,9.58,9.58,5800
2019-01-31,9.61,9.61,9.57,9.57,1400
2019-02-01,9.63,9.64,9.5,9.59,8700
2019-02-04,9.66,9.66,9.6,9.61,31200
2019-02-05,9.66,9.67,9.64,9.67,3100
2019-02-06,9.87,10.03,9.78,10.0,15600
2019-02-07,10.0,10.01,9.72,9.82,15900
2019-02-08,9.69,9.78,9.69,9.71,3800
2019-02-11,9.8,9.8,9.77,9.77,1100
2019-02-12,9.85,9.85,9.61,9.85,8700
2019-02-13,9.78,9.89,9.65,9.89,4600
2019-02-14,9.89,9.89,9.76,9.76,500
2019-02-15,9.76,10.1,9.76,9.89,5400
2019-02-19,9.72,10.1,9.72,10.0,18100
2019-02-20,10.04,10.15,9.91,10.15,27800
2019-02-21,10.16,10.17,10.1,10.1,4400
2019-02-22,10.24,10.24,10.14,10.14,3900
2019-02-25,10.07,10.13,10.07,10.1,2900
2019-02-26,10.09,10.19,9.98,9.98,8400
2019-02-27,9.95,10.1,9.94,9.94,3600
2019-02-28,9.96,10.1,9.94,10.1,12000
2019-03-01,10.0,10.02,9.83,9.83,9300
2019-03-04,9.88,10.05,9.88,9.96,4500
2019-03-05,9.97,10.12,9.97,10.1,2100
2019-03-06,10.01,10.05,9.95,9.95,1800
2019-03-07,10.04,10.16,10.01,10.14,9100
2019-03-08,10.2,10.25,9.95,10.16,14600
2019-03-11,10.03,10.04,9.88,10.0,25700
2019-03-12,10.0,10.15,9.66,9.69,22300
2019-03-13,9.79,9.84,9.78,9.83,1700
2019-03-14,9.88,9.88,9.88,9.88,100
2019-03-15,9.87,9.98,9.85,9.98,600
2019-03-18,9.96,10.0,9.77,10.0,7800
2019-03-19,9.98,10.08,9.98,10.03,800
2019-03-20,9.92,9.94,9.9,9.92,2000
2019-03-21,9.9,9.97,9.9,9.97,2400
2019-03-22,10.03,10.03,9.97,10.02,6900
2019-03-25,10.0,10.09,10.0,10.08,9500
2019-03-26,10.05,10.22,10.05,10.15,6700
2019-03-27,10.05,10.24,9.8,10.2,17200
2019-03-28,10.1,10.25,10.1,10.25,13500
2019-03-29,10.26,10.27,10.21,10.27,800
2019-04-01,10.27,10.51,10.27,10.38,7000
2019-04-02,10.09,10.09,9.9,9.9,29600
2019-04-03,10.07,10.07,9.81,9.88,13100
2019-04-04,9.83,9.89,9.67,9.74,16400
2019-04-05,9.68,9.75,9.67,9.75,3800
2019-04-08,9.71,9.88,9.71,9.78,5700
2019-04-09,9.78,9.87,9.78,9.82,5200
2019-04-10,9.77,9.8,9.76,9.76,1500
2019-04-11,9.76,9.79,9.76,9.78,16700
2019-04-12,9.78,9.8,9.77,9.77,8400
2019-04-15,9.75,9.77,9.75,9.75,6000
2019-04-16,9.68,9.69,9.65,9.65,6800
2019-04-17,9.6,9.6,9.54,9.56,10000
2019-04-18,9.55,9.57,9.54,9.54,5900
2019-04-22,9.5,9.54,9.5,9.5,12900
2019-04-23,9.5,9.56,9.5,9.5,1800
2019-04-24,9.57,9.59,9.51,9.51,2300
2019-04-25,9.51,9.7,9.5,9.51,2200
2019-04-26,9.52,9.79,9.52,9.53,6400
2019-04-29,9.56,9.82,9.56,9.8,5800
2019-04-30,9.72,9.8,9.69,9.8,2700
2019-05-01,9.78,9.78,9.61,9.63,6000
2019-05-02,9.63,9.71,9.56,9.59,8200
2019-05-03,9.56,9.56,9.56,9.56,100
2019-05-06,9.63,9.64,9.63,9.64,1100
2019-05-07,9.73,9.73,9.56,9.56,12400
2019-05-08,9.52,9.6,9.52,9.6,5100
2019-05-09,9.56,9.63,9.56,9.63,5300
2019-05-10,9.62,9.62,9.55,9.55,9400
2019-05-13,9.62,9.62,9.58,9.58,1200
2019-05-14,9.54,9.62,9.54,9.62,9400
2019-05-15,9.62,9.66,9.62,9.64,12100
2019-05-16,9.61,9.61,9.6,9.6,500
2019-05-17,9.52,9.62,9.52,9.6,6000
2019-05-20,9.61,9.62,9.59,9.62,400
2019-05-21,9.53,9.64,9.53,9.64,2700
2019-05-22,9.58,9.58,9.55,9.55,200
2019-05-23,9.55,9.64,9.53,9.62,7100
2019-05-24,9.64,9.64,9.56,9.58,1600
2019-05-28,9.57,9.63,9.56,9.58,3200
2019-05-29,9.56,9.8,9.56,9.79,24800
2019-05-30,9.81,9.99,9.76,9.85,51300
2019-05-31,9.84,9.85,9.8,9.85,3800
2019-06-03,9.99,9.99,9.79,9.87,8300
2019-06-04,9.79,9.94,9.73,9.87,12600
2019-06-05,9.81,9.99,9.81,9.92,11300
2019-06-06,9.86,9.97,9.83,9.97,3600
2019-06-07,9.88,9.97,9.82,9.96,4000
2019-06-10,9.97,9.97,9.94,9.94,2600
2019-06-11,9.93,9.93,9.77,9.91,7200
2019-06-12,9.89,9.89,9.66,9.73,13500
2019-06-13,9.68,9.78,9.67,9.78,9000
2019-06-14,9.65,9.78,9.65,9.78,2700
2019-06-17,9.68,9.77,9.68,9.76,5400
2019-06-18,9.7,9.9,9.7,9.71,11200
2019-06-19,9.7,9.81,9.7,9.79,5000
2019-06-20,9.77,9.87,9.73,9.82,5100
2019-06-21,9.8,9.8,9.75,9.8,2800
2019-06-24,9.85,9.85,9.79,9.84,2300
2019-06-25,9.79,9.84,9.76,9.84,10200
2019-06-26,9.79,9.85,9.7,9.75,14100
2019-06-27,9.79,9.9,9.73,9.79,6100
2019-06-28,9.71,9.81,9.71,9.73,7200
2019-07-01,9.7,9.77,9.7,9.7,7300
2019-07-02,9.7,9.81,9.7,9.75,20100
2019-07-03,9.69,9.74,9.69,9.71,4500
2019-07-05,9.72,9.72,9.63,9.63,12600
2019-07-08,9.62,9.69,9.55,9.61,22800
2019-07-09,9.61,9.68,9.61,9.65,8200
2019-07-10,9.69,9.69,9.59,9.68,600
2019-07-11,9.65,9.75,9.54,9.75,2900
2019-07-12,9.75,9.75,9.75,9.75,400
2019-07-15,9.64,9.68,9.64,9.66,3200
2019-07-16,9.74,9.74,9.68,9.69,1500
2019-07-17,9.64,9.78,9.64,9.72,10900
2019-07-18,9.7,9.77,9.7,9.75,14600
2019-07-19,9.7,9.82,9.7,9.75,8300
2019-07-22,9.75,9.75,9.61,9.74,10800
2019-07-23,9.7,9.73,9.68,9.72,4200
2019-07-24,9.78,9.78,9.74,9.75,8200
2019-07-25,9.7,9.75,9.7,9.74,3100
2019-07-26,9.74,9.79,9.74,9.76,10300
2019-07-29,9.71,9.87,9.71,9.79,16400
2019-07-30,9.74,9.89,9.74,9.74,7500
2019-07-31,9.75,9.84,9.61,9.62,6900
2019-08-01,9.93,9.93,9.65,9.69,33200
2019-08-02,9.7,9.77,9.68,9.71,10300
2019-08-05,9.71,9.8,9.71,9.74,14700
2019-08-06,9.74,9.78,9.71,9.74,9100
2019-08-07,9.71,9.79,9.71,9.76,5100
2019-08-08,9.77,9.84,9.76,9.79,4900
2019-08-09,9.94,9.94,9.69,9.71,19700
2019-08-12,9.74,9.84,9.74,9.82,9600
2019-08-13,9.75,9.84,9.73,9.8,10500
2019-08-14,9.77,9.9,9.75,9.75,11900
2019-08-15,9.8,9.83,9.74,9.74,12000
2019-08-16,9.85,9.85,9.7,9.75,20700
2019-08-19,9.75,9.85,9.7,9.71,8100
2019-08-20,9.75,9.78,9.71,9.71,19300
2019-08-21,9.72,9.75,9.7,9.7,16400
2019-08-22,9.7,9.82,9.68,9.68,11800
2019-08-23,9.68,9.7,9.64,9.68,12400
2019-08-26,9.78,9.78,9.64,9.73,9600
2019-08-27,9.76,9.8,9.76,9.78,9600
2019-08-28,9.8,9.83,9.74,9.79,12600
2019-08-29,9.73,9.85,9.68,9.75,15700
2019-08-30,9.68,9.69,9.59,9.63,17900
2019-09-03,9.62,9.62,9.53,9.57,51900
2019-09-04,9.57,9.65,9.52,9.64,35800
2019-09-05,9.63,9.67,9.45,9.57,14800
2019-09-06,9.56,9.61,9.45,9.6,27700
2019-09-09,9.53,9.57,9.53,9.54,17000
2019-09-10,9.46,9.53,9.34,9.35,42600
2019-09-11,9.31,9.4,9.24,9.37,17600
2019-09-12,9.28,9.33,9.05,9.19,37000
2019-09-13,9.22,9.22,9.06,9.07,23300
2019-09-16,9.12,9.19,9.1,9.18,21100
2019-09-17,9.18,9.26,9.18,9.21,11500
2019-09-18,9.26,9.36,9.2,9.35,20200
2019-09-19,9.38,9.47,9.34,9.46,19100
2019-09-20,9.46,9.58,9.46,9.57,14500
2019-09-23,9.59,9.67,9.59,9.67,8200
2019-09-24,9.68,9.73,9.58,9.68,3600
2019-09-25,9.68,9.7,9.62,9.65,9900
2019-09-26,9.67,9.75,9.63,9.71,20000
2019-09-27,9.73,9.73,9.63,9.66,9500
2019-09-30,9.67,9.7,9.64,9.68,12200
2019-10-01,9.73,9.75,9.69,9.75,11700
2019-10-02,9.77,9.88,9.75,9.86,11900
2019-10-03,9.9,9.91,9.8,9.9,13800
2019-10-04,9.94,9.97,9.88,9.97,13600
2019-10-07,9.97,10.69,9.96,9.99,2800
2019-10-08,9.93,9.99,9.93,9.98,15900
2019-10-09,10.04,10.05,9.92,9.92,20900
2019-10-10,9.86,10.03,9.86,9.95,4600
2019-10-11,9.86,10.0,9.86,9.94,2600
2019-10-14,9.95,9.99,9.92,9.95,15200
2019-10-15,9.98,9.99,9.88,9.88,4100
2019-10-16,9.96,9.96,9.89,9.89,5600
2019-10-17,9.9,9.97,9.9,9.92,11000
2019-10-18,9.96,9.96,9.86,9.86,24900
2019-10-21,9.92,9.92,9.84,9.84,10400
2019-10-22,9.91,9.94,9.91,9.94,7900
2019-10-23,9.98,9.99,9.98,9.99,600
2019-10-24,10.0,10.0,9.91,9.91,3600
2019-10-25,9.99,10.0,9.86,9.92,3000
2019-10-28,9.84,9.84,9.59,9.8,600
2019-10-29,9.8,9.84,9.76,9.82,5200
2019-10-30,9.84,10.09,9.81,9.99,28300
2019-10-31,10.01,10.07,10.0,10.07,105500
2019-11-01,10.15,10.15,10.0,10.0,10300
2019-11-04,10.14,10.14,9.77,9.89,9700
2019-11-05,10.0,10.0,9.96,9.96,600
2019-11-06,10.0,10.0,9.92,9.94,3200
2019-11-07,9.97,9.99,9.52,9.68,13700
2019-11-08,9.73,9.9,9.73,9.9,4100
2019-11-11,9.93,9.93,9.75,9.86,1700
2019-11-12,9.9,9.9,9.87,9.87,600
2019-11-13,9.74,9.95,9.74,9.78,2700
2019-11-14,9.9,9.9,9.9,9.9,200
2019-11-15,9.95,9.95,9.69,9.74,6900
2019-11-18,9.85,9.88,9.8,9.8,2900
2019-11-19,9.92,9.95,9.8,9.81,5700
2019-11-20,9.83,9.83,9.67,9.69,11100
2019-11-21,9.7,9.7,9.54,9.57,18500
2019-11-22,9.62,9.63,9.57,9.61,9900
2019-11-25,9.63,9.63,9.62,9.63,13500
2019-11-26,9.65,9.91,9.65,9.79,11800
2019-11-27,9.74,9.87,9.52,9.78,5700
2019-11-29,9.8,9.91,9.72,9.72,2800
2019-12-02,9.78,9.91,9.67,9.78,6000
2019-12-03,9.87,9.88,9.6,9.87,7600
2019-12-04,9.86,9.86,9.74,9.77,5800
2019-12-05,9.75,9.76,9.73,9.73,17700
2019-12-06,9.77,9.94,9.74,9.91,4900
2019-12-09,9.96,9.96,9.71,9.71,5900
2019-12-10,9.71,9.85,9.64,9.7,20500
2019-12-11,9.9,9.9,9.65,9.65,10100
2019-12-12,9.7,9.76,9.53,9.53,18500
2019-12-13,9.53,9.66,9.53,9.61,9400
2019-12-16,9.55,9.61,9.52,9.53,23300
2019-12-17,9.53,9.57,9.53,9.53,20600
2019-12-18,9.54,9.65,9.54,9.55,11300
2019-12-19,9.57,9.6,9.52,9.52,7600
2019-12-20,9.51,9.53,9.4,9.52,17900
2019-12-23,9.52,9.56,9.45,9.52,25200
2019-12-24,9.55,9.56,9.52,9.56,8500
2019-12-26,9.57,9.57,9.47,9.52,10400
2019-12-27,9.54,9.63,9.54,9.6,10700
2019-12-30,9.59,9.62,9.58,9.59,8900
2019-12-31,9.59,9.64,9.59,9.63,13500
2020-01-02,9.64,9.87,9.63,9.69,13700
2020-01-03,9.72,9.77,9.66,9.77,6800
2020-01-06,9.77,9.77,9.7,9.7,2100
2020-01-07,9.78,9.78,9.69,9.73,13300
2020-01-08,9.7,9.82,9.7,9.76,12500
2020-01-09,9.79,9.79,9.69,9.74,15500
2020-01-10,9.67,9.74,9.65,9.74,14900
2020-01-13,9.79,9.79,9.74,9.76,13400
2020-01-14,9.81,9.81,9.76,9.76,3700
2020-01-15,9.73,9.84,9.73,9.83,4500
2020-01-16,9.85,9.85,9.77,9.78,18500
2020-01-17,9.85,9.85,9.77,9.81,6000
2020-01-21,9.85,9.87,9.83,9.87,14300
2020-01-22,9.83,9.85,9.83,9.85,1200
2020-01-23,9.88,9.88,9.82,9.82,700
2020-01-24,9.9,9.9,9.9,9.9,900
2020-01-27,9.9,10.05,9.73,9.96,10900
2020-01-28,9.95,9.99,9.92,9.99,10700
2020-01-29,10.1,10.16,9.95,10.1,13900
2020-01-30,10.17,10.17,9.99,10.04,14200
2020-01-31,10.08,10.19,10.08,10.15,6500
2020-02-03,10.2,10.2,9.74,10.15,6000
2020-02-04,10.25,10.25,10.15,10.25,6000
2020-02-05,10.25,10.25,9.82,10.04,10500
2020-02-06,10.25,10.25,10.14,10.19,6600
2020-02-07,10.19,10.19,9.87,10.15,7200
2020-02-10,10.13,10.2,10.13,10.19,14700
2020-02-11,10.13,10.2,10.12,10.2,5500
2020-02-12,10.13,10.23,10.13,10.23,4300
2020-02-13,10.2,10.3,10.2,10.3,6000
2020-02-14,10.36,10.36,10.27,10.28,2000
2020-02-18,10.28,10.28,10.2,10.2,10300
2020-02-19,10.2,10.2,10.2,10.2,900
2020-02-20,10.04,10.23,10.04,10.16,12600
2020-02-21,10.06,10.06,10.06,10.06,600
2020-02-24,10.22,10.22,9.97,10.02,5300
2020-02-25,10.07,10.28,9.96,10.1,18100
2020-02-26,10.0,10.27,9.9,10.01,13900
2020-02-27,10.03,10.18,9.93,10.0,19700
2020-02-28,9.88,9.92,9.66,9.91,15300
2020-03-02,9.82,10.05,9.68,9.82,18700
2020-03-03,9.73,9.88,9.62,9.84,22500
2020-03-04,9.84,9.93,9.81,9.93,18700
2020-03-05,9.7,9.86,9.65,9.71,28500
2020-03-06,9.62,9.78,9.62,9.75,26600
2020-03-09,9.62,9.66,9.51,9.55,34400
2020-03-10,9.49,9.78,9.42,9.43,27900
2020-03-11,9.47,9.58,9.01,9.12,29600
2020-03-12,9.13,9.13,8.14,8.26,74900
2020-03-13,8.76,8.76,8.4,8.67,15000
2020-03-16,8.5,8.54,7.74,8.37,25400
2020-03-17,8.35,8.48,8.0,8.45,14300
2020-03-18,8.02,8.14,7.01,7.1,39700
2020-03-19,7.26,7.6,7.0,7.3,35500
2020-03-20,7.18,7.97,7.1,7.3,84100
2020-03-23,7.27,7.42,7.05,7.29,66700
2020-03-24,7.29,7.58,7.2,7.48,11100
2020-03-25,7.52,8.2,7.37,8.13,42500
2020-03-26,7.91,8.63,7.83,8.63,14300
2020-03-27,8.25,8.96,8.2,8.5,23000
2020-03-30,8.75,8.87,8.52,8.74,4000
2020-03-31,8.75,8.76,8.23,8.52,24800
2020-04-01,8.67,8.72,8.05,8.05,14200
2020-04-02,8.28,8.32,7.92,7.92,11800
2020-04-03,7.91,8.06,7.54,7.54,9600
2020-04-06,7.72,8.61,7.72,8.35,22600
2020-04-07,8.15,8.41,8.09,8.39,8500
2020-04-08,8.45,8.45,7.99,8.11,48000
2020-04-09,8.37,8.89,8.19,8.37,44500
2020-04-13,8.56,8.56,8.15,8.17,19900
2020-04-14,8.14,8.82,8.14,8.63,50400
2020-04-15,8.6,8.8,8.5,8.79,10100
2020-04-16,8.97,8.97,8.45,8.46,13500
2020-04-17,8.41,8.93,8.41,8.65,33900
2020-04-20,8.65,8.65,8.42,8.45,10500
2020-04-21,8.41,8.47,8.29,8.39,13100
2020-04-22,8.32,8.48,8.32,8.4,7000
2020-04-23,8.45,8.57,8.25,8.43,11100
2020-04-24,8.27,8.5,8.27,8.27,5600
2020-04-27,8.43,8.43,8.12,8.14,3200
2020-04-28,8.18,8.24,8.01,8.01,7200
2020-04-29,8.22,8.7,8.22,8.25,4700
2020-04-30,8.15,8.56,8.15,8.34,19400
2020-05-01,8.35,8.35,8.19,8.25,6300
2020-05-04,8.35,8.38,8.17,8.25,25200
2020-05-05,8.3,8.48,8.27,8.4,8900
2020-05-06,8.39,8.4,8.34,8.4,6600
2020-05-07,8.42,8.47,8.41,8.47,6400
2020-05-08,8.69,8.69,8.62,8.62,300
2020-05-11,8.62,8.62,8.56,8.6,6000
2020-05-12,8.61,8.64,8.58,8.6,7100
2020-05-13,8.65,8.65,8.58,8.59,2800
2020-05-14,8.62,8.63,8.47,8.63,8600
2020-05-15,8.63,8.65,8.59,8.64,7700
2020-05-18,8.67,8.68,8.59,8.66,10500
2020-05-19,8.68,8.7,8.68,8.7,3900
2020-05-20,8.72,8.72,8.62,8.66,5300
2020-05-21,8.62,8.67,8.61,8.65,6200
2020-05-22,8.7,8.7,8.68,8.69,2200
2020-05-26,8.72,8.82,8.72,8.8,9000
2020-05-27,8.79,8.93,8.72,8.93,20500
2020-05-28,8.94,8.99,8.94,8.98,3000
2020-05-29,9.0,9.61,8.93,9.51,12300
2020-06-01,9.39,9.51,9.3,9.49,7200
2020-06-02,9.43,9.48,9.11,9.14,15400
2020-06-03,9.18,9.25,8.89,8.92,17500
2020-06-04,9.14,9.14,8.89,8.9,9300
2020-06-05,9.04,9.04,8.9,8.9,1900
2020-06-08,9.14,9.14,8.88,8.92,7000
2020-06-09,8.92,9.04,8.71,8.84,20000
2020-06-10,9.02,9.02,8.7,8.8,6300
2020-06-11,8.86,8.86,8.57,8.79,6700
2020-06-12,8.81,8.83,8.62,8.7,5000
2020-06-15,8.68,8.86,8.63,8.76,9700
2020-06-16,8.8,9.0,8.8,8.93,4600
2020-06-17,8.94,9.0,8.83,8.99,13900
2020-06-18,9.0,9.0,8.87,8.95,9000
2020-06-19,8.97,9.12,8.97,9.06,3700
2020-06-22,9.44,9.44,9.11,9.24,4200
2020-06-23,9.21,9.45,9.21,9.43,15600
2020-06-24,9.39,9.39,9.22,9.29,14300
2020-06-25,9.33,9.33,9.32,9.32,400
2020-06-26,9.39,9.44,9.08,9.43,5900
2020-06-29,9.44,9.45,9.11,9.25,1300
2020-06-30,9.3,9.43,9.3,9.4,1100
2020-07-01,9.4,9.4,9.13,9.38,5300
2020-07-02,9.39,9.4,9.39,9.4,4600
2020-07-06,9.51,9.51,9.21,9.4,8100
2020-07-07,9.4,9.45,9.22,9.31,7200
2020-07-08,9.3,9.3,9.22,9.22,2700
2020-07-09,9.36,9.36,9.36,9.36,200
2020-07-10,9.33,9.33,9.22,9.22,7700
2020-07-13,9.22,9.25,9.22,9.24,4100
2020-07-14,9.24,9.3,9.24,9.28,3500
2020-07-15,9.28,9.33,9.08,9.13,11100
2020-07-16,9.15,9.15,9.15,9.15,2400
2020-07-17,9.1,9.26,9.1,9.1,5000
2020-07-20,9.2,9.25,9.15,9.21,3400
2020-07-21,9.22,9.29,8.49,8.86,47100
2020-07-22,9.12,9.12,8.9,8.92,5300
2020-07-23,9.01,9.1,8.88,8.91,18300
2020-07-24,8.97,8.97,8.93,8.93,1900
2020-07-27,8.98,8.98,8.94,8.94,2100
2020-07-28,8.98,9.0,8.9,8.97,16000
2020-07-29,9.04,9.07,8.99,9.0,9400
2020-07-30,9.06,9.06,8.94,9.02,7000
2020-07-31,9.05,9.05,8.9,9.0,25800
2020-08-03,9.09,9.14,8.99,9.0,37300
2020-08-04,9.0,9.12,9.0,9.12,17900
2020-08-05,9.14,9.21,9.14,9.18,11200
2020-08-06,9.2,9.49,9.2,9.32,26900
2020-08-07,9.26,9.41,9.26,9.28,5900
2020-08-10,9.21,9.29,9.21,9.25,5000
2020-08-11,9.29,9.38,9.29,9.38,1400
2020-08-12,9.34,9.4,9.31,9.37,8200
2020-08-13,9.37,9.37,9.17,9.18,6400
2020-08-14,9.18,9.25,9.12,9.12,3200
2020-08-17,9.11,9.27,9.11,9.11,3000
2020-08-18,9.12,9.18,9.1,9.1,2900
2020-08-19,9.1,9.23,9.1,9.11,2500
2020-08-20,9.16,9.23,9.12,9.14,6600
2020-08-21,9.15,9.2,9.14,9.14,5500
2020-08-24,9.13,9.22,9.05,9.05,11400
2020-08-25,9.1,9.11,9.0,9.06,8100
2020-08-26,9.09,9.14,9.09,9.14,4100
2020-08-27,9.12,9.13,9.02,9.02,7100
2020-08-28,9.05,9.12,9.05,9.12,3100
2020-08-31,9.21,9.29,9.19,9.27,8900
2020-09-01,9.34,9.37,9.22,9.35,8300
2020-09-02,9.4,9.4,9.24,9.28,8500
2020-09-03,9.24,9.45,9.1,9.21,9300
2020-09-04,9.17,9.27,9.06,9.06,4700
2020-09-08,9.24,9.29,9.24,9.25,2000
2020-09-09,9.15,9.27,9.15,9.17,3800
2020-09-10,9.19,9.24,9.1,9.12,4800
2020-09-11,9.24,9.24,9.11,9.11,700
2020-09-14,9.24,9.34,9.22,9.29,9200
2020-09-15,9.37,9.37,9.27,9.27,2200
2020-09-16,9.27,9.35,9.08,9.35,4700
2020-09-17,9.28,9.28,9.26,9.26,1800
2020-09-18,9.3,9.3,9.16,9.16,3000
2020-09-21,9.2,9.25,9.2,9.22,5500
2020-09-22,9.22,9.23,9.19,9.19,1800
2020-09-23,9.26,9.26,9.15,9.15,800
2020-09-24,9.17,9.22,9.16,9.19,2300
2020-09-25,9.21,9.35,9.21,9.3,5600
2020-09-28,9.32,9.34,9.12,9.33,9800
2020-09-29,9.34,9.34,9.09,9.2,17800
2020-09-30,9.23,9.23,9.06,9.17,9300
2020-10-01,9.25,9.29,9.02,9.19,16900
2020-10-02,9.17,9.17,9.1,9.12,14000
2020-10-05,9.22,9.24,9.0,9.02,16900
2020-10-06,9.06,9.06,8.82,8.89,15600
2020-10-07,8.86,8.99,8.86,8.89,9700
2020-10-08,8.9,8.9,8.84,8.86,11300
2020-10-09,8.97,8.97,8.83,8.83,3900
2020-10-12,8.92,8.95,8.8,8.85,2900
2020-10-13,8.85,8.88,8.7,8.86,7000
2020-10-14,8.72,8.79,8.72,8.75,1900
2020-10-15,8.74,8.75,8.69,8.73,5400
2020-10-16,8.73,8.73,8.65,8.65,6900
2020-10-19,8.66,8.66,8.64,8.64,11800
2020-10-20,8.67,8.75,8.63,8.69,20500
2020-10-21,8.69,8.77,8.67,8.7,26200
2020-10-22,8.78,8.87,8.65,8.72,48400
2020-10-23,8.7,8.74,8.66,8.66,8300
2020-10-26,8.71,8.71,8.39,8.6,17300
2020-10-27,8.62,8.65,8.34,8.43,25000
2020-10-28,8.47,8.51,8.45,8.45,2000
2020-10-29,8.54,8.54,8.5,8.51,7200
2020-10-30,8.51,8.51,8.46,8.46,600
2020-11-02,8.5,8.54,8.49,8.54,6600
2020-11-03,8.56,8.95,8.55,8.71,24100
2020-11-04,8.6,8.73,8.6,8.68,22100
2020-11-05,8.73,8.75,8.69,8.69,12400
2020-11-06,8.7,8.75,8.66,8.73,10000
2020-11-09,8.91,8.91,8.65,8.68,14800
2020-11-10,8.72,8.78,8.67,8.71,6300
2020-11-11,8.73,8.79,8.73,8.76,3500
2020-11-12,8.8,8.8,8.75,8.8,18300
2020-11-13,8.82,8.82,8.74,8.74,4100
2020-11-16,8.75,8.76,8.68,8.73,10200
2020-11-17,8.73,8.73,8.67,8.7,19400
2020-11-18,8.68,8.75,8.65,8.75,9000
2020-11-19,8.7,8.74,8.7,8.73,15400
2020-11-20,8.69,8.74,8.67,8.71,14800
2020-11-23,8.78,8.78,8.71,8.76,9300
2020-11-24,8.8,8.83,8.79,8.81,14700
2020-11-25,8.81,8.92,8.81,8.84,10000
2020-11-27,8.9,8.92,8.74,8.91,10100
2020-11-30,8.92,8.96,8.87,8.96,24400
2020-12-01,9.0,9.0,8.94,8.94,7100
2020-12-02,8.96,8.99,8.92,8.94,24800
2020-12-03,8.98,8.99,8.94,8.98,4700
2020-12-04,8.98,9.0,8.94,8.98,15300
2020-12-07,8.72,8.95,8.71,8.94,39700
2020-12-08,8.94,9.0,8.94,8.99,4700
2020-12-09,9.0,9.03,8.91,8.95,19000
2020-12-10,9.01,9.01,8.9,8.94,4300
2020-12-11,9.09,9.09,8.88,8.89,11800
2020-12-14,8.85,8.9,8.85,8.86,9500
2020-12-15,8.86,8.89,8.79,8.84,11800
2020-12-16,8.79,8.84,8.79,8.8,5800
2020-12-17,8.82,8.83,8.67,8.72,21000
2020-12-18,8.77,8.78,8.69,8.71,21500
2020-12-21,8.74,8.77,8.71,8.77,21200
2020-12-22,8.84,8.84,8.74,8.75,3900
2020-12-23,8.81,8.81,8.71,8.74,6200
2020-12-24,8.73,8.8,8.73,8.76,5800
2020-12-28,8.81,8.85,8.7,8.81,35800
2020-12-29,8.82,8.84,8.74,8.76,14000
2020-12-30,8.79,8.86,8.77,8.86,12000
2020-12-31,8.86,8.93,8.86,8.93,3800
2021-01-04,8.99,8.99,8.75,8.89,9400
